-2.50	-2.40	0.0	10.0		0.031	0.020	0.039	0.080	0.080
-2.50	-2.40	10.0	12.0		0.055	0.030	0.050	0.052	0.052
-2.50	-2.40	12.0	13.0		0.064	0.035	0.058	0.061	0.061
-2.50	-2.40	13.0	14.0		0.383	0.078	0.083	0.149	0.149
-2.50	-2.40	14.0	15.0		0.571	0.071	0.068	0.091	0.091
-2.50	-2.40	15.0	20.0		0.761	0.019	0.018	0.028	0.028
-2.50	-2.40	20.0	25.0		0.856	0.010	0.010	0.040	0.040
-2.50	-2.40	25.0	30.0		0.877	0.008	0.007	0.019	0.019
-2.50	-2.40	30.0	35.0		0.869	0.008	0.007	0.013	0.013
-2.50	-2.40	35.0	40.0		0.873	0.007	0.007	0.000	0.000
-2.50	-2.40	40.0	45.0		0.890	0.007	0.006	0.011	0.011
-2.50	-2.40	45.0	50.0		0.909	0.008	0.007	0.015	0.015
-2.50	-2.40	50.0	60.0		0.898	0.012	0.011	0.026	0.026
-2.50	-2.40	60.0	100.0		0.932	0.020	0.016	0.000	0.000
-2.50	-2.40	100.0	200.0		0.927	0.066	0.040	0.000	0.000
-2.40	-2.30	0.0	10.0		0.000	0.000	0.015	0.000	0.000
-2.40	-2.30	10.0	12.0		0.087	0.041	0.063	0.139	0.139
-2.40	-2.30	12.0	13.0		0.125	0.053	0.076	0.221	0.221
-2.40	-2.30	13.0	14.0		0.411	0.072	0.076	0.125	0.125
-2.40	-2.30	14.0	15.0		0.609	0.067	0.064	0.083	0.083
-2.40	-2.30	15.0	20.0		0.803	0.020	0.018	0.000	0.000
-2.40	-2.30	20.0	25.0		0.919	0.010	0.009	0.015	0.015
-2.40	-2.30	25.0	30.0		0.956	0.006	0.005	0.008	0.008
-2.40	-2.30	30.0	35.0		0.962	0.004	0.004	0.005	0.005
-2.40	-2.30	35.0	40.0		0.964	0.003	0.003	0.007	0.007
-2.40	-2.30	40.0	45.0		0.967	0.003	0.003	0.006	0.006
-2.40	-2.30	45.0	50.0		0.972	0.003	0.003	0.008	0.008
-2.40	-2.30	50.0	60.0		0.970	0.005	0.004	0.009	0.009
-2.40	-2.30	60.0	100.0		0.977	0.010	0.007	0.010	0.010
-2.40	-2.30	100.0	200.0		0.990	0.023	0.009	0.000	0.000
-2.30	-2.20	0.0	10.0		0.007	0.006	0.015	0.022	0.022
-2.30	-2.20	10.0	12.0		0.069	0.033	0.051	0.000	0.000
-2.30	-2.20	12.0	13.0		0.341	0.078	0.086	0.000	0.000
-2.30	-2.20	13.0	14.0		0.583	0.073	0.070	0.074	0.074
-2.30	-2.20	14.0	15.0		0.685	0.064	0.058	0.105	0.105
-2.30	-2.20	15.0	20.0		0.810	0.019	0.017	0.000	0.000
-2.30	-2.20	20.0	25.0		0.900	0.011	0.010	0.017	0.017
-2.30	-2.20	25.0	30.0		0.931	0.007	0.006	0.020	0.020
-2.30	-2.20	30.0	35.0		0.931	0.005	0.005	0.006	0.006
-2.30	-2.20	35.0	40.0		0.931	0.004	0.004	0.013	0.013
-2.30	-2.20	40.0	45.0		0.936	0.003	0.003	0.000	0.000
-2.30	-2.20	45.0	50.0		0.936	0.005	0.004	0.012	0.012
-2.30	-2.20	50.0	60.0		0.938	0.007	0.006	0.009	0.009
-2.30	-2.20	60.0	100.0		0.948	0.011	0.009	0.000	0.000
-2.30	-2.20	100.0	200.0		0.963	0.034	0.020	0.000	0.000
-2.20	-2.10	0.0	10.0		0.000	0.000	0.012	0.000	0.000
-2.20	-2.10	10.0	12.0		0.054	0.026	0.041	0.000	0.000
-2.20	-2.10	12.0	13.0		0.324	0.087	0.099	0.105	0.105
-2.20	-2.10	13.0	14.0		0.434	0.062	0.064	0.081	0.081
-2.20	-2.10	14.0	15.0		0.598	0.057	0.055	0.090	0.090
-2.20	-2.10	15.0	20.0		0.793	0.018	0.017	0.029	0.029
-2.20	-2.10	20.0	25.0		0.906	0.009	0.009	0.020	0.020
-2.20	-2.10	25.0	30.0		0.937	0.006	0.005	0.000	0.000
-2.20	-2.10	30.0	35.0		0.936	0.004	0.004	0.005	0.005
-2.20	-2.10	35.0	40.0		0.946	0.003	0.003	0.009	0.009
-2.20	-2.10	40.0	45.0		0.949	0.003	0.003	0.009	0.009
-2.20	-2.10	45.0	50.0		0.950	0.004	0.003	0.009	0.009
-2.20	-2.10	50.0	60.0		0.953	0.005	0.005	0.000	0.000
-2.20	-2.10	60.0	100.0		0.978	0.007	0.006	0.013	0.013
-2.20	-2.10	100.0	200.0		0.983	0.021	0.011	0.000	0.000
-2.10	-1.57	0.0	10.0		0.010	0.003	0.004	0.010	0.010
-2.10	-1.57	10.0	12.0		0.057	0.009	0.010	0.000	0.000
-2.10	-1.57	12.0	13.0		0.263	0.021	0.022	0.029	0.029
-2.10	-1.57	13.0	14.0		0.462	0.023	0.023	0.000	0.000
-2.10	-1.57	14.0	15.0		0.578	0.021	0.020	0.000	0.000
-2.10	-1.57	15.0	20.0		0.811	0.006	0.006	0.000	0.000
-2.10	-1.57	20.0	25.0		0.915	0.003	0.003	0.004	0.004
-2.10	-1.57	25.0	30.0		0.935	0.002	0.002	0.008	0.008
-2.10	-1.57	30.0	35.0		0.948	0.001	0.001	0.003	0.003
-2.10	-1.57	35.0	40.0		0.954	0.001	0.001	0.003	0.003
-2.10	-1.57	40.0	45.0		0.961	0.001	0.001	0.000	0.000
-2.10	-1.57	45.0	50.0		0.970	0.001	0.001	0.000	0.000
-2.10	-1.57	50.0	60.0		0.968	0.001	0.001	0.002	0.002
-2.10	-1.57	60.0	100.0		0.975	0.002	0.002	0.000	0.000
-2.10	-1.57	100.0	200.0		0.977	0.006	0.005	0.000	0.000
-1.57	-1.44	0.0	10.0		0.005	0.004	0.011	0.000	0.000
-1.57	-1.44	10.0	12.0		0.050	0.021	0.032	0.000	0.000
-1.57	-1.44	12.0	13.0		0.250	0.054	0.062	0.074	0.074
-1.57	-1.44	13.0	14.0		0.456	0.061	0.063	0.083	0.083
-1.57	-1.44	14.0	15.0		0.598	0.056	0.054	0.000	0.000
-1.57	-1.44	15.0	20.0		0.751	0.016	0.016	0.021	0.021
-1.57	-1.44	20.0	25.0		0.800	0.011	0.010	0.059	0.059
-1.57	-1.44	25.0	30.0		0.868	0.007	0.007	0.012	0.012
-1.57	-1.44	30.0	35.0		0.888	0.005	0.005	0.013	0.013
-1.57	-1.44	35.0	40.0		0.923	0.003	0.003	0.010	0.010
-1.57	-1.44	40.0	45.0		0.927	0.003	0.003	0.006	0.006
-1.57	-1.44	45.0	50.0		0.930	0.004	0.004	0.006	0.006
-1.57	-1.44	50.0	60.0		0.932	0.005	0.005	0.019	0.019
-1.57	-1.44	60.0	100.0		0.924	0.010	0.009	0.025	0.025
-1.57	-1.44	100.0	200.0		0.962	0.022	0.015	0.025	0.025
-1.44	-0.80	0.0	10.0		0.004	0.002	0.002	0.000	0.000
-1.44	-0.80	10.0	12.0		0.055	0.008	0.010	0.000	0.000
-1.44	-0.80	12.0	13.0		0.339	0.022	0.023	0.027	0.027
-1.44	-0.80	13.0	14.0		0.551	0.021	0.021	0.000	0.000
-1.44	-0.80	14.0	15.0		0.702	0.017	0.017	0.018	0.018
-1.44	-0.80	15.0	20.0		0.823	0.005	0.005	0.012	0.012
-1.44	-0.80	20.0	25.0		0.867	0.003	0.003	0.003	0.003
-1.44	-0.80	25.0	30.0		0.891	0.002	0.002	0.000	0.000
-1.44	-0.80	30.0	35.0		0.911	0.001	0.001	0.000	0.000
-1.44	-0.80	35.0	40.0		0.927	0.001	0.001	0.001	0.001
-1.44	-0.80	40.0	45.0		0.935	0.001	0.001	0.000	0.000
-1.44	-0.80	45.0	50.0		0.937	0.001	0.001	0.000	0.000
-1.44	-0.80	50.0	60.0		0.937	0.001	0.001	0.004	0.004
-1.44	-0.80	60.0	100.0		0.953	0.002	0.002	0.004	0.004
-1.44	-0.80	100.0	200.0		0.964	0.005	0.004	0.016	0.016
-0.80	-0.40	0.0	10.0		0.003	0.002	0.004	0.000	0.000
-0.80	-0.40	10.0	12.0		0.058	0.012	0.014	0.017	0.017
-0.80	-0.40	12.0	13.0		0.485	0.029	0.029	0.048	0.048
-0.80	-0.40	13.0	14.0		0.733	0.024	0.023	0.027	0.027
-0.80	-0.40	14.0	15.0		0.776	0.020	0.019	0.032	0.032
-0.80	-0.40	15.0	20.0		0.842	0.006	0.005	0.013	0.013
-0.80	-0.40	20.0	25.0		0.854	0.004	0.004	0.005	0.005
-0.80	-0.40	25.0	30.0		0.882	0.002	0.002	0.000	0.000
-0.80	-0.40	30.0	35.0		0.906	0.002	0.002	0.005	0.005
-0.80	-0.40	35.0	40.0		0.916	0.001	0.001	0.003	0.003
-0.80	-0.40	40.0	45.0		0.924	0.001	0.001	0.001	0.001
-0.80	-0.40	45.0	50.0		0.929	0.001	0.001	0.002	0.002
-0.80	-0.40	50.0	60.0		0.934	0.002	0.002	0.005	0.005
-0.80	-0.40	60.0	100.0		0.950	0.003	0.003	0.003	0.003
-0.80	-0.40	100.0	200.0		0.965	0.006	0.005	0.000	0.000
-0.40	0.00	0.0	10.0		0.000	0.000	0.004	0.000	0.000
-0.40	0.00	10.0	12.0		0.088	0.016	0.019	0.026	0.026
-0.40	0.00	12.0	13.0		0.568	0.031	0.030	0.057	0.057
-0.40	0.00	13.0	14.0		0.728	0.025	0.024	0.032	0.032
-0.40	0.00	14.0	15.0		0.795	0.020	0.019	0.043	0.043
-0.40	0.00	15.0	20.0		0.823	0.006	0.006	0.006	0.006
-0.40	0.00	20.0	25.0		0.838	0.004	0.004	0.013	0.013
-0.40	0.00	25.0	30.0		0.867	0.003	0.002	0.011	0.011
-0.40	0.00	30.0	35.0		0.894	0.002	0.002	0.005	0.005
-0.40	0.00	35.0	40.0		0.911	0.001	0.001	0.000	0.000
-0.40	0.00	40.0	45.0		0.920	0.001	0.001	0.004	0.004
-0.40	0.00	45.0	50.0		0.925	0.001	0.001	0.002	0.002
-0.40	0.00	50.0	60.0		0.934	0.002	0.002	0.005	0.005
-0.40	0.00	60.0	100.0		0.954	0.003	0.002	0.000	0.000
-0.40	0.00	100.0	200.0		0.958	0.006	0.005	0.009	0.009
0.00	0.40	0.0	10.0		0.002	0.002	0.005	0.000	0.000
0.00	0.40	10.0	12.0		0.088	0.015	0.018	0.019	0.019
0.00	0.40	12.0	13.0		0.561	0.030	0.029	0.039	0.039
0.00	0.40	13.0	14.0		0.755	0.024	0.022	0.024	0.024
0.00	0.40	14.0	15.0		0.822	0.019	0.018	0.000	0.000
0.00	0.40	15.0	20.0		0.810	0.006	0.006	0.023	0.023
0.00	0.40	20.0	25.0		0.846	0.004	0.004	0.006	0.006
0.00	0.40	25.0	30.0		0.879	0.002	0.002	0.003	0.003
0.00	0.40	30.0	35.0		0.902	0.002	0.002	0.000	0.000
0.00	0.40	35.0	40.0		0.917	0.001	0.001	0.000	0.000
0.00	0.40	40.0	45.0		0.924	0.001	0.001	0.000	0.000
0.00	0.40	45.0	50.0		0.930	0.001	0.001	0.001	0.001
0.00	0.40	50.0	60.0		0.938	0.001	0.001	0.000	0.000
0.00	0.40	60.0	100.0		0.955	0.002	0.002	0.000	0.000
0.00	0.40	100.0	200.0		0.961	0.006	0.005	0.013	0.013
0.40	0.80	0.0	10.0		0.003	0.002	0.004	0.000	0.000
0.40	0.80	10.0	12.0		0.056	0.011	0.013	0.015	0.015
0.40	0.80	12.0	13.0		0.513	0.028	0.028	0.037	0.037
0.40	0.80	13.0	14.0		0.725	0.023	0.022	0.052	0.052
0.40	0.80	14.0	15.0		0.827	0.019	0.017	0.032	0.032
0.40	0.80	15.0	20.0		0.845	0.006	0.005	0.010	0.010
0.40	0.80	20.0	25.0		0.854	0.004	0.004	0.000	0.000
0.40	0.80	25.0	30.0		0.888	0.002	0.002	0.008	0.008
0.40	0.80	30.0	35.0		0.905	0.002	0.002	0.006	0.006
0.40	0.80	35.0	40.0		0.917	0.001	0.001	0.002	0.002
0.40	0.80	40.0	45.0		0.927	0.001	0.001	0.001	0.001
0.40	0.80	45.0	50.0		0.932	0.001	0.001	0.001	0.001
0.40	0.80	50.0	60.0		0.938	0.002	0.001	0.000	0.000
0.40	0.80	60.0	100.0		0.954	0.002	0.002	0.000	0.000
0.40	0.80	100.0	200.0		0.981	0.004	0.003	0.000	0.000
0.80	1.44	0.0	10.0		0.001	0.001	0.002	0.002	0.002
0.80	1.44	10.0	12.0		0.044	0.008	0.009	0.000	0.000
0.80	1.44	12.0	13.0		0.346	0.021	0.022	0.061	0.061
0.80	1.44	13.0	14.0		0.603	0.020	0.020	0.049	0.049
0.80	1.44	14.0	15.0		0.665	0.018	0.017	0.077	0.077
0.80	1.44	15.0	20.0		0.841	0.005	0.004	0.006	0.006
0.80	1.44	20.0	25.0		0.877	0.003	0.003	0.007	0.007
0.80	1.44	25.0	30.0		0.899	0.002	0.002	0.005	0.005
0.80	1.44	30.0	35.0		0.922	0.001	0.001	0.000	0.000
0.80	1.44	35.0	40.0		0.936	0.001	0.001	0.002	0.002
0.80	1.44	40.0	45.0		0.947	0.001	0.001	0.002	0.002
0.80	1.44	45.0	50.0		0.948	0.001	0.001	0.000	0.000
0.80	1.44	50.0	60.0		0.953	0.001	0.001	0.001	0.001
0.80	1.44	60.0	100.0		0.964	0.002	0.002	0.000	0.000
0.80	1.44	100.0	200.0		0.982	0.004	0.003	0.000	0.000
1.44	1.57	0.0	10.0		0.005	0.004	0.010	0.000	0.000
1.44	1.57	10.0	12.0		0.055	0.022	0.031	0.040	0.040
1.44	1.57	12.0	13.0		0.183	0.044	0.053	0.059	0.059
1.44	1.57	13.0	14.0		0.378	0.052	0.055	0.204	0.204
1.44	1.57	14.0	15.0		0.564	0.055	0.053	0.000	0.000
1.44	1.57	15.0	20.0		0.730	0.016	0.015	0.031	0.031
1.44	1.57	20.0	25.0		0.815	0.010	0.010	0.053	0.053
1.44	1.57	25.0	30.0		0.869	0.007	0.006	0.000	0.000
1.44	1.57	30.0	35.0		0.892	0.005	0.004	0.005	0.005
1.44	1.57	35.0	40.0		0.911	0.003	0.003	0.007	0.007
1.44	1.57	40.0	45.0		0.925	0.003	0.003	0.004	0.004
1.44	1.57	45.0	50.0		0.928	0.004	0.003	0.007	0.007
1.44	1.57	50.0	60.0		0.931	0.005	0.004	0.010	0.010
1.44	1.57	60.0	100.0		0.935	0.009	0.008	0.012	0.012
1.44	1.57	100.0	200.0		0.970	0.020	0.013	0.021	0.021
1.57	2.10	0.0	10.0		0.007	0.002	0.003	0.013	0.013
1.57	2.10	10.0	12.0		0.060	0.009	0.010	0.013	0.013
1.57	2.10	12.0	13.0		0.232	0.020	0.021	0.047	0.047
1.57	2.10	13.0	14.0		0.399	0.021	0.022	0.027	0.027
1.57	2.10	14.0	15.0		0.567	0.021	0.021	0.026	0.026
1.57	2.10	15.0	20.0		0.795	0.006	0.006	0.022	0.022
1.57	2.10	20.0	25.0		0.907	0.003	0.003	0.005	0.005
1.57	2.10	25.0	30.0		0.938	0.002	0.002	0.004	0.004
1.57	2.10	30.0	35.0		0.944	0.001	0.001	0.002	0.002
1.57	2.10	35.0	40.0		0.954	0.001	0.001	0.002	0.002
1.57	2.10	40.0	45.0		0.962	0.001	0.001	0.000	0.000
1.57	2.10	45.0	50.0		0.968	0.001	0.001	0.002	0.002
1.57	2.10	50.0	60.0		0.970	0.001	0.001	0.005	0.005
1.57	2.10	60.0	100.0		0.976	0.002	0.002	0.004	0.004
1.57	2.10	100.0	200.0		0.988	0.004	0.003	0.005	0.005
2.10	2.20	0.0	10.0		0.014	0.009	0.018	0.000	0.000
2.10	2.20	10.0	12.0		0.065	0.026	0.037	0.000	0.000
2.10	2.20	12.0	13.0		0.327	0.068	0.075	0.116	0.116
2.10	2.20	13.0	14.0		0.541	0.072	0.071	0.091	0.091
2.10	2.20	14.0	15.0		0.616	0.065	0.062	0.000	0.000
2.10	2.20	15.0	20.0		0.815	0.017	0.016	0.018	0.018
2.10	2.20	20.0	25.0		0.928	0.008	0.007	0.017	0.017
2.10	2.20	25.0	30.0		0.937	0.006	0.005	0.000	0.000
2.10	2.20	30.0	35.0		0.953	0.004	0.003	0.004	0.004
2.10	2.20	35.0	40.0		0.954	0.003	0.003	0.008	0.008
2.10	2.20	40.0	45.0		0.963	0.002	0.002	0.003	0.003
2.10	2.20	45.0	50.0		0.965	0.003	0.003	0.003	0.003
2.10	2.20	50.0	60.0		0.968	0.004	0.004	0.011	0.011
2.10	2.20	60.0	100.0		0.976	0.007	0.006	0.000	0.000
2.10	2.20	100.0	200.0		1.000	0.014	0.000	0.038	0.038
2.20	2.30	0.0	10.0		0.007	0.006	0.016	0.000	0.000
2.20	2.30	10.0	12.0		0.057	0.031	0.052	0.000	0.000
2.20	2.30	12.0	13.0		0.211	0.056	0.068	0.086	0.086
2.20	2.30	13.0	14.0		0.561	0.075	0.073	0.000	0.000
2.20	2.30	14.0	15.0		0.662	0.067	0.062	0.088	0.088
2.20	2.30	15.0	20.0		0.848	0.017	0.016	0.034	0.034
2.20	2.30	20.0	25.0		0.918	0.010	0.009	0.052	0.052
2.20	2.30	25.0	30.0		0.959	0.005	0.004	0.020	0.020
2.20	2.30	30.0	35.0		0.958	0.004	0.004	0.005	0.005
2.20	2.30	35.0	40.0		0.956	0.003	0.003	0.004	0.004
2.20	2.30	40.0	45.0		0.963	0.003	0.002	0.004	0.004
2.20	2.30	45.0	50.0		0.967	0.003	0.003	0.008	0.008
2.20	2.30	50.0	60.0		0.974	0.005	0.004	0.008	0.008
2.20	2.30	60.0	100.0		0.972	0.009	0.007	0.000	0.000
2.20	2.30	100.0	200.0		1.000	0.020	0.000	0.000	0.000
2.30	2.40	0.0	10.0		0.009	0.008	0.021	0.031	0.031
2.30	2.40	10.0	12.0		0.000	0.000	0.029	0.000	0.000
2.30	2.40	12.0	13.0		0.093	0.044	0.067	0.000	0.000
2.30	2.40	13.0	14.0		0.455	0.084	0.086	0.000	0.000
2.30	2.40	14.0	15.0		0.632	0.067	0.063	0.000	0.000
2.30	2.40	15.0	20.0		0.830	0.018	0.017	0.000	0.000
2.30	2.40	20.0	25.0		0.942	0.008	0.007	0.000	0.000
2.30	2.40	25.0	30.0		0.962	0.005	0.004	0.010	0.010
2.30	2.40	30.0	35.0		0.966	0.004	0.003	0.007	0.007
2.30	2.40	35.0	40.0		0.973	0.003	0.002	0.006	0.006
2.30	2.40	40.0	45.0		0.976	0.002	0.002	0.000	0.000
2.30	2.40	45.0	50.0		0.972	0.004	0.003	0.004	0.004
2.30	2.40	50.0	60.0		0.980	0.004	0.004	0.006	0.006
2.30	2.40	60.0	100.0		0.980	0.009	0.007	0.000	0.000
2.30	2.40	100.0	200.0		0.971	0.037	0.019	0.000	0.000
2.40	2.50	0.0	10.0		0.033	0.021	0.042	0.000	0.000
2.40	2.50	10.0	12.0		0.000	0.000	0.036	0.000	0.000
2.40	2.50	12.0	13.0		0.103	0.056	0.090	0.000	0.000
2.40	2.50	13.0	14.0		0.417	0.079	0.083	0.131	0.131
2.40	2.50	14.0	15.0		0.525	0.073	0.072	0.165	0.165
2.40	2.50	15.0	20.0		0.710	0.019	0.018	0.020	0.020
2.40	2.50	20.0	25.0		0.830	0.011	0.010	0.025	0.025
2.40	2.50	25.0	30.0		0.860	0.008	0.007	0.036	0.036
2.40	2.50	30.0	35.0		0.803	0.008	0.008	0.011	0.011
2.40	2.50	35.0	40.0		0.771	0.009	0.009	0.010	0.010
2.40	2.50	40.0	45.0		0.769	0.011	0.011	0.000	0.000
2.40	2.50	45.0	50.0		0.803	0.014	0.014	0.016	0.016
2.40	2.50	50.0	60.0		0.794	0.020	0.018	0.044	0.044
2.40	2.50	60.0	100.0		0.816	0.034	0.030	0.000	0.000
2.40	2.50	100.0	200.0		0.864	0.073	0.053	0.080	0.080
