-2.50	-2.40	0.0	20.0		0.006	0.003	0.004	0.007	0.007
-2.50	-2.40	20.0	23.0		0.096	0.011	0.013	0.000	0.000
-2.50	-2.40	23.0	24.0		0.423	0.029	0.029	0.029	0.029
-2.50	-2.40	24.0	25.0		0.639	0.027	0.026	0.064	0.064
-2.50	-2.40	25.0	26.0		0.765	0.023	0.022	0.036	0.036
-2.50	-2.40	26.0	30.0		0.863	0.009	0.008	0.011	0.011
-2.50	-2.40	30.0	35.0		0.869	0.008	0.007	0.013	0.013
-2.50	-2.40	35.0	40.0		0.873	0.007	0.007	0.000	0.000
-2.50	-2.40	40.0	45.0		0.890	0.007	0.006	0.011	0.011
-2.50	-2.40	45.0	50.0		0.909	0.008	0.007	0.015	0.015
-2.50	-2.40	50.0	60.0		0.898	0.012	0.011	0.026	0.026
-2.50	-2.40	60.0	100.0		0.932	0.020	0.016	0.000	0.000
-2.50	-2.40	100.0	200.0		0.927	0.066	0.040	0.000	0.000
-2.40	-2.30	0.0	20.0		0.004	0.002	0.004	0.004	0.004
-2.40	-2.30	20.0	23.0		0.118	0.014	0.016	0.017	0.017
-2.40	-2.30	23.0	24.0		0.509	0.035	0.035	0.114	0.114
-2.40	-2.30	24.0	25.0		0.723	0.032	0.030	0.000	0.000
-2.40	-2.30	25.0	26.0		0.855	0.023	0.021	0.026	0.026
-2.40	-2.30	26.0	30.0		0.947	0.007	0.006	0.007	0.007
-2.40	-2.30	30.0	35.0		0.962	0.004	0.004	0.005	0.005
-2.40	-2.30	35.0	40.0		0.964	0.003	0.003	0.007	0.007
-2.40	-2.30	40.0	45.0		0.967	0.003	0.003	0.006	0.006
-2.40	-2.30	45.0	50.0		0.972	0.003	0.003	0.008	0.008
-2.40	-2.30	50.0	60.0		0.970	0.005	0.004	0.009	0.009
-2.40	-2.30	60.0	100.0		0.977	0.010	0.007	0.010	0.010
-2.40	-2.30	100.0	200.0		0.990	0.023	0.009	0.000	0.000
-2.30	-2.20	0.0	20.0		0.007	0.003	0.004	0.008	0.008
-2.30	-2.20	20.0	23.0		0.172	0.017	0.018	0.036	0.036
-2.30	-2.20	23.0	24.0		0.583	0.036	0.035	0.080	0.080
-2.30	-2.20	24.0	25.0		0.725	0.031	0.029	0.033	0.033
-2.30	-2.20	25.0	26.0		0.905	0.022	0.018	0.078	0.078
-2.30	-2.20	26.0	30.0		0.927	0.008	0.007	0.014	0.014
-2.30	-2.20	30.0	35.0		0.931	0.005	0.005	0.005	0.005
-2.30	-2.20	35.0	40.0		0.931	0.004	0.004	0.013	0.013
-2.30	-2.20	40.0	45.0		0.936	0.003	0.003	0.000	0.000
-2.30	-2.20	45.0	50.0		0.936	0.005	0.004	0.012	0.012
-2.30	-2.20	50.0	60.0		0.938	0.007	0.006	0.009	0.009
-2.30	-2.20	60.0	100.0		0.948	0.011	0.009	0.000	0.000
-2.30	-2.20	100.0	200.0		0.963	0.034	0.020	0.000	0.000
-2.20	-2.10	0.0	20.0		0.009	0.003	0.004	0.008	0.008
-2.20	-2.10	20.0	23.0		0.151	0.015	0.016	0.000	0.000
-2.20	-2.10	23.0	24.0		0.563	0.033	0.033	0.039	0.039
-2.20	-2.10	24.0	25.0		0.806	0.026	0.024	0.000	0.000
-2.20	-2.10	25.0	26.0		0.893	0.020	0.018	0.033	0.033
-2.20	-2.10	26.0	30.0		0.934	0.007	0.006	0.010	0.010
-2.20	-2.10	30.0	35.0		0.935	0.004	0.004	0.005	0.005
-2.20	-2.10	35.0	40.0		0.946	0.003	0.003	0.009	0.009
-2.20	-2.10	40.0	45.0		0.949	0.003	0.003	0.009	0.009
-2.20	-2.10	45.0	50.0		0.950	0.004	0.003	0.009	0.009
-2.20	-2.10	50.0	60.0		0.953	0.005	0.005	0.000	0.000
-2.20	-2.10	60.0	100.0		0.978	0.007	0.006	0.013	0.013
-2.20	-2.10	100.0	200.0		0.983	0.021	0.011	0.000	0.000
-2.10	-1.57	0.0	20.0		0.008	0.001	0.001	0.006	0.006
-2.10	-1.57	20.0	23.0		0.140	0.005	0.005	0.000	0.000
-2.10	-1.57	23.0	24.0		0.517	0.012	0.012	0.047	0.047
-2.10	-1.57	24.0	25.0		0.741	0.010	0.010	0.016	0.016
-2.10	-1.57	25.0	26.0		0.845	0.008	0.007	0.015	0.015
-2.10	-1.57	26.0	30.0		0.922	0.003	0.002	0.010	0.010
-2.10	-1.57	30.0	35.0		0.946	0.001	0.001	0.003	0.003
-2.10	-1.57	35.0	40.0		0.953	0.001	0.001	0.003	0.003
-2.10	-1.57	40.0	45.0		0.961	0.001	0.001	0.000	0.000
-2.10	-1.57	45.0	50.0		0.970	0.001	0.001	0.000	0.000
-2.10	-1.57	50.0	60.0		0.968	0.001	0.001	0.002	0.002
-2.10	-1.57	60.0	100.0		0.974	0.002	0.002	0.000	0.000
-2.10	-1.57	100.0	200.0		0.977	0.006	0.005	0.000	0.000
-1.57	-1.44	0.0	20.0		0.017	0.004	0.004	0.014	0.014
-1.57	-1.44	20.0	23.0		0.153	0.013	0.014	0.000	0.000
-1.57	-1.44	23.0	24.0		0.555	0.030	0.029	0.062	0.062
-1.57	-1.44	24.0	25.0		0.687	0.025	0.024	0.040	0.040
-1.57	-1.44	25.0	26.0		0.778	0.022	0.021	0.000	0.000
-1.57	-1.44	26.0	30.0		0.852	0.008	0.008	0.013	0.013
-1.57	-1.44	30.0	35.0		0.886	0.005	0.005	0.014	0.014
-1.57	-1.44	35.0	40.0		0.922	0.003	0.003	0.010	0.010
-1.57	-1.44	40.0	45.0		0.927	0.003	0.003	0.006	0.006
-1.57	-1.44	45.0	50.0		0.930	0.004	0.004	0.006	0.006
-1.57	-1.44	50.0	60.0		0.932	0.005	0.005	0.019	0.019
-1.57	-1.44	60.0	100.0		0.924	0.010	0.009	0.025	0.025
-1.57	-1.44	100.0	200.0		0.962	0.022	0.015	0.025	0.025
-1.44	-0.80	0.0	20.0		0.001	0.000	0.000	0.001	0.001
-1.44	-0.80	20.0	23.0		0.071	0.003	0.003	0.005	0.005
-1.44	-0.80	23.0	24.0		0.470	0.009	0.009	0.000	0.000
-1.44	-0.80	24.0	25.0		0.728	0.008	0.008	0.011	0.011
-1.44	-0.80	25.0	26.0		0.829	0.006	0.006	0.000	0.000
-1.44	-0.80	26.0	30.0		0.883	0.002	0.002	0.000	0.000
-1.44	-0.80	30.0	35.0		0.910	0.001	0.001	0.000	0.000
-1.44	-0.80	35.0	40.0		0.926	0.001	0.001	0.001	0.001
-1.44	-0.80	40.0	45.0		0.935	0.001	0.001	0.000	0.000
-1.44	-0.80	45.0	50.0		0.937	0.001	0.001	0.000	0.000
-1.44	-0.80	50.0	60.0		0.937	0.001	0.001	0.004	0.004
-1.44	-0.80	60.0	100.0		0.953	0.002	0.002	0.004	0.004
-1.44	-0.80	100.0	200.0		0.964	0.005	0.004	0.016	0.016
-0.80	-0.40	0.0	20.0		0.002	0.001	0.001	0.001	0.001
-0.80	-0.40	20.0	23.0		0.058	0.003	0.003	0.006	0.006
-0.80	-0.40	23.0	24.0		0.549	0.011	0.011	0.017	0.017
-0.80	-0.40	24.0	25.0		0.797	0.008	0.008	0.013	0.013
-0.80	-0.40	25.0	26.0		0.848	0.007	0.007	0.000	0.000
-0.80	-0.40	26.0	30.0		0.879	0.003	0.003	0.000	0.000
-0.80	-0.40	30.0	35.0		0.905	0.002	0.002	0.005	0.005
-0.80	-0.40	35.0	40.0		0.916	0.001	0.001	0.003	0.003
-0.80	-0.40	40.0	45.0		0.924	0.001	0.001	0.001	0.001
-0.80	-0.40	45.0	50.0		0.929	0.001	0.001	0.002	0.002
-0.80	-0.40	50.0	60.0		0.934	0.002	0.002	0.005	0.005
-0.80	-0.40	60.0	100.0		0.950	0.003	0.003	0.003	0.003
-0.80	-0.40	100.0	200.0		0.965	0.006	0.005	0.000	0.000
-0.40	0.00	0.0	20.0		0.001	0.000	0.000	0.001	0.001
-0.40	0.00	20.0	23.0		0.056	0.003	0.003	0.004	0.004
-0.40	0.00	23.0	24.0		0.586	0.011	0.011	0.025	0.025
-0.40	0.00	24.0	25.0		0.801	0.008	0.008	0.020	0.020
-0.40	0.00	25.0	26.0		0.837	0.007	0.007	0.025	0.025
-0.40	0.00	26.0	30.0		0.869	0.003	0.003	0.007	0.007
-0.40	0.00	30.0	35.0		0.894	0.002	0.002	0.004	0.004
-0.40	0.00	35.0	40.0		0.911	0.001	0.001	0.000	0.000
-0.40	0.00	40.0	45.0		0.920	0.001	0.001	0.004	0.004
-0.40	0.00	45.0	50.0		0.925	0.001	0.001	0.002	0.002
-0.40	0.00	50.0	60.0		0.934	0.002	0.002	0.005	0.005
-0.40	0.00	60.0	100.0		0.954	0.003	0.002	0.000	0.000
-0.40	0.00	100.0	200.0		0.958	0.006	0.005	0.009	0.009
0.00	0.40	0.0	20.0		0.001	0.000	0.001	0.000	0.000
0.00	0.40	20.0	23.0		0.062	0.003	0.003	0.004	0.004
0.00	0.40	23.0	24.0		0.573	0.010	0.010	0.017	0.017
0.00	0.40	24.0	25.0		0.829	0.007	0.007	0.019	0.019
0.00	0.40	25.0	26.0		0.852	0.007	0.006	0.022	0.022
0.00	0.40	26.0	30.0		0.881	0.003	0.003	0.003	0.003
0.00	0.40	30.0	35.0		0.902	0.002	0.002	0.000	0.000
0.00	0.40	35.0	40.0		0.917	0.001	0.001	0.000	0.000
0.00	0.40	40.0	45.0		0.924	0.001	0.001	0.000	0.000
0.00	0.40	45.0	50.0		0.930	0.001	0.001	0.001	0.001
0.00	0.40	50.0	60.0		0.938	0.001	0.001	0.000	0.000
0.00	0.40	60.0	100.0		0.955	0.002	0.002	0.000	0.000
0.00	0.40	100.0	200.0		0.961	0.006	0.005	0.013	0.013
0.40	0.80	0.0	20.0		0.001	0.000	0.001	0.000	0.000
0.40	0.80	20.0	23.0		0.068	0.003	0.004	0.007	0.007
0.40	0.80	23.0	24.0		0.573	0.010	0.010	0.017	0.017
0.40	0.80	24.0	25.0		0.806	0.008	0.008	0.008	0.008
0.40	0.80	25.0	26.0		0.850	0.007	0.007	0.009	0.009
0.40	0.80	26.0	30.0		0.889	0.002	0.002	0.008	0.008
0.40	0.80	30.0	35.0		0.905	0.002	0.002	0.006	0.006
0.40	0.80	35.0	40.0		0.917	0.001	0.001	0.002	0.002
0.40	0.80	40.0	45.0		0.927	0.001	0.001	0.001	0.001
0.40	0.80	45.0	50.0		0.932	0.001	0.001	0.001	0.001
0.40	0.80	50.0	60.0		0.938	0.002	0.001	0.000	0.000
0.40	0.80	60.0	100.0		0.954	0.002	0.002	0.000	0.000
0.40	0.80	100.0	200.0		0.981	0.004	0.003	0.000	0.000
0.80	1.44	0.0	20.0		0.003	0.001	0.001	0.002	0.002
0.80	1.44	20.0	23.0		0.083	0.003	0.003	0.007	0.007
0.80	1.44	23.0	24.0		0.513	0.009	0.009	0.020	0.020
0.80	1.44	24.0	25.0		0.749	0.007	0.007	0.021	0.021
0.80	1.44	25.0	26.0		0.841	0.006	0.006	0.012	0.012
0.80	1.44	26.0	30.0		0.890	0.002	0.002	0.006	0.006
0.80	1.44	30.0	35.0		0.921	0.001	0.001	0.000	0.000
0.80	1.44	35.0	40.0		0.935	0.001	0.001	0.002	0.002
0.80	1.44	40.0	45.0		0.946	0.001	0.001	0.002	0.002
0.80	1.44	45.0	50.0		0.948	0.001	0.001	0.000	0.000
0.80	1.44	50.0	60.0		0.953	0.001	0.001	0.001	0.001
0.80	1.44	60.0	100.0		0.964	0.002	0.002	0.000	0.000
0.80	1.44	100.0	200.0		0.982	0.004	0.003	0.000	0.000
1.44	1.57	0.0	20.0		0.015	0.003	0.004	0.000	0.000
1.44	1.57	20.0	23.0		0.186	0.014	0.014	0.000	0.000
1.44	1.57	23.0	24.0		0.551	0.027	0.027	0.000	0.000
1.44	1.57	24.0	25.0		0.687	0.024	0.023	0.041	0.041
1.44	1.57	25.0	26.0		0.759	0.022	0.021	0.049	0.049
1.44	1.57	26.0	30.0		0.850	0.007	0.007	0.014	0.014
1.44	1.57	30.0	35.0		0.889	0.005	0.004	0.000	0.000
1.44	1.57	35.0	40.0		0.911	0.003	0.003	0.007	0.007
1.44	1.57	40.0	45.0		0.925	0.003	0.003	0.004	0.004
1.44	1.57	45.0	50.0		0.928	0.004	0.003	0.007	0.007
1.44	1.57	50.0	60.0		0.931	0.005	0.004	0.010	0.010
1.44	1.57	60.0	100.0		0.935	0.009	0.008	0.012	0.012
1.44	1.57	100.0	200.0		0.970	0.020	0.013	0.021	0.021
1.57	2.10	0.0	20.0		0.010	0.001	0.001	0.005	0.005
1.57	2.10	20.0	23.0		0.142	0.005	0.005	0.007	0.007
1.57	2.10	23.0	24.0		0.525	0.011	0.011	0.013	0.013
1.57	2.10	24.0	25.0		0.743	0.009	0.009	0.026	0.026
1.57	2.10	25.0	26.0		0.845	0.008	0.007	0.000	0.000
1.57	2.10	26.0	30.0		0.920	0.002	0.002	0.003	0.003
1.57	2.10	30.0	35.0		0.941	0.001	0.001	0.002	0.002
1.57	2.10	35.0	40.0		0.954	0.001	0.001	0.002	0.002
1.57	2.10	40.0	45.0		0.962	0.001	0.001	0.000	0.000
1.57	2.10	45.0	50.0		0.968	0.001	0.001	0.002	0.002
1.57	2.10	50.0	60.0		0.970	0.001	0.001	0.005	0.005
1.57	2.10	60.0	100.0		0.976	0.002	0.002	0.004	0.004
1.57	2.10	100.0	200.0		0.988	0.004	0.003	0.005	0.005
2.10	2.20	0.0	20.0		0.010	0.003	0.004	0.006	0.006
2.10	2.20	20.0	23.0		0.176	0.015	0.016	0.028	0.028
2.10	2.20	23.0	24.0		0.617	0.030	0.029	0.000	0.000
2.10	2.20	24.0	25.0		0.808	0.026	0.023	0.034	0.034
2.10	2.20	25.0	26.0		0.887	0.020	0.018	0.000	0.000
2.10	2.20	26.0	30.0		0.932	0.006	0.006	0.007	0.007
2.10	2.20	30.0	35.0		0.952	0.004	0.003	0.007	0.007
2.10	2.20	35.0	40.0		0.954	0.003	0.003	0.008	0.008
2.10	2.20	40.0	45.0		0.963	0.002	0.002	0.003	0.003
2.10	2.20	45.0	50.0		0.965	0.003	0.003	0.003	0.003
2.10	2.20	50.0	60.0		0.968	0.004	0.004	0.012	0.012
2.10	2.20	60.0	100.0		0.976	0.007	0.006	0.000	0.000
2.10	2.20	100.0	200.0		1.000	0.014	0.000	0.038	0.038
2.20	2.30	0.0	20.0		0.008	0.003	0.004	0.006	0.006
2.20	2.30	20.0	23.0		0.164	0.016	0.018	0.034	0.034
2.20	2.30	23.0	24.0		0.613	0.036	0.035	0.000	0.000
2.20	2.30	24.0	25.0		0.779	0.029	0.027	0.033	0.033
2.20	2.30	25.0	26.0		0.893	0.021	0.018	0.025	0.025
2.20	2.30	26.0	30.0		0.950	0.006	0.005	0.012	0.012
2.20	2.30	30.0	35.0		0.958	0.004	0.004	0.005	0.005
2.20	2.30	35.0	40.0		0.956	0.003	0.003	0.004	0.004
2.20	2.30	40.0	45.0		0.963	0.003	0.002	0.004	0.004
2.20	2.30	45.0	50.0		0.967	0.003	0.003	0.008	0.008
2.20	2.30	50.0	60.0		0.974	0.005	0.004	0.008	0.008
2.20	2.30	60.0	100.0		0.972	0.009	0.007	0.000	0.000
2.20	2.30	100.0	200.0		1.000	0.020	0.000	0.000	0.000
2.30	2.40	0.0	20.0		0.000	0.000	0.002	0.000	0.000
2.30	2.40	20.0	23.0		0.110	0.014	0.016	0.000	0.000
2.30	2.40	23.0	24.0		0.437	0.033	0.033	0.044	0.044
2.30	2.40	24.0	25.0		0.712	0.030	0.028	0.064	0.064
2.30	2.40	25.0	26.0		0.884	0.022	0.019	0.051	0.051
2.30	2.40	26.0	30.0		0.950	0.006	0.005	0.008	0.008
2.30	2.40	30.0	35.0		0.966	0.004	0.003	0.007	0.007
2.30	2.40	35.0	40.0		0.973	0.003	0.002	0.006	0.006
2.30	2.40	40.0	45.0		0.976	0.002	0.002	0.000	0.000
2.30	2.40	45.0	50.0		0.972	0.004	0.003	0.004	0.004
2.30	2.40	50.0	60.0		0.980	0.004	0.004	0.006	0.006
2.30	2.40	60.0	100.0		0.980	0.009	0.007	0.000	0.000
2.30	2.40	100.0	200.0		0.971	0.037	0.019	0.000	0.000
2.40	2.50	0.0	20.0		0.003	0.002	0.003	0.000	0.000
2.40	2.50	20.0	23.0		0.071	0.010	0.011	0.012	0.012
2.40	2.50	23.0	24.0		0.323	0.027	0.028	0.000	0.000
2.40	2.50	24.0	25.0		0.563	0.028	0.027	0.034	0.034
2.40	2.50	25.0	26.0		0.733	0.024	0.023	0.024	0.024
2.40	2.50	26.0	30.0		0.844	0.009	0.009	0.045	0.045
2.40	2.50	30.0	35.0		0.803	0.008	0.008	0.010	0.010
2.40	2.50	35.0	40.0		0.771	0.009	0.009	0.010	0.010
2.40	2.50	40.0	45.0		0.769	0.011	0.011	0.000	0.000
2.40	2.50	45.0	50.0		0.803	0.014	0.014	0.016	0.016
2.40	2.50	50.0	60.0		0.794	0.020	0.018	0.044	0.044
2.40	2.50	60.0	100.0		0.816	0.034	0.030	0.000	0.000
2.40	2.50	100.0	200.0		0.864	0.073	0.053	0.080	0.080
