-2.50	-2.40	5.0	15.0		0.000	0.000	0.007	0.000	0.000
-2.50	-2.40	15.0	25.0		0.001	0.000	0.001	0.000	0.000
-2.50	-2.40	25.0	28.0		0.002	0.001	0.002	0.000	0.000
-2.50	-2.40	28.0	29.5		0.034	0.007	0.009	0.000	0.000
-2.50	-2.40	29.5	30.5		0.079	0.013	0.015	0.039	0.039
-2.50	-2.40	30.5	31.5		0.161	0.018	0.019	0.020	0.020
-2.50	-2.40	31.5	32.5		0.237	0.021	0.022	0.040	0.040
-2.50	-2.40	32.5	33.5		0.324	0.023	0.024	0.056	0.056
-2.50	-2.40	33.5	34.5		0.367	0.024	0.025	0.065	0.065
-2.50	-2.40	34.5	36.0		0.441	0.019	0.020	0.022	0.022
-2.50	-2.40	36.0	39.0		0.520	0.014	0.014	0.029	0.029
-2.50	-2.40	39.0	42.5		0.599	0.012	0.012	0.019	0.019
-2.50	-2.40	42.5	47.5		0.629	0.011	0.011	0.017	0.017
-2.50	-2.40	47.5	55.0		0.657	0.014	0.014	0.018	0.018
-2.50	-2.40	55.0	80.0		0.687	0.024	0.023	0.040	0.040
-2.50	-2.40	80.0	150.0		0.816	0.048	0.040	0.000	0.000
-2.50	-2.40	150.0	500.0		1.000	0.264	0.000	0.000	0.000
-2.40	-2.30	5.0	15.0		0.000	0.000	0.006	0.000	0.000
-2.40	-2.30	15.0	25.0		0.000	0.000	0.001	0.000	0.000
-2.40	-2.30	25.0	28.0		0.003	0.002	0.003	0.004	0.004
-2.40	-2.30	28.0	29.5		0.047	0.009	0.011	0.011	0.011
-2.40	-2.30	29.5	30.5		0.121	0.016	0.018	0.018	0.018
-2.40	-2.30	30.5	31.5		0.265	0.021	0.022	0.000	0.000
-2.40	-2.30	31.5	32.5		0.380	0.022	0.023	0.000	0.000
-2.40	-2.30	32.5	33.5		0.453	0.023	0.023	0.028	0.028
-2.40	-2.30	33.5	34.5		0.542	0.021	0.021	0.022	0.022
-2.40	-2.30	34.5	36.0		0.621	0.016	0.016	0.000	0.000
-2.40	-2.30	36.0	39.0		0.706	0.010	0.010	0.017	0.017
-2.40	-2.30	39.0	42.5		0.772	0.008	0.007	0.017	0.017
-2.40	-2.30	42.5	47.5		0.809	0.006	0.006	0.000	0.000
-2.40	-2.30	47.5	55.0		0.843	0.008	0.008	0.021	0.021
-2.40	-2.30	55.0	80.0		0.854	0.014	0.013	0.020	0.020
-2.40	-2.30	80.0	150.0		0.877	0.031	0.026	0.000	0.000
-2.40	-2.30	150.0	500.0		0.885	0.100	0.062	0.000	0.000
-2.30	-2.20	5.0	15.0		0.000	0.000	0.005	0.000	0.000
-2.30	-2.20	15.0	25.0		0.000	0.000	0.001	0.000	0.000
-2.30	-2.20	25.0	28.0		0.007	0.003	0.004	0.004	0.004
-2.30	-2.20	28.0	29.5		0.068	0.011	0.012	0.000	0.000
-2.30	-2.20	29.5	30.5		0.202	0.020	0.021	0.043	0.043
-2.30	-2.20	30.5	31.5		0.382	0.023	0.024	0.068	0.068
-2.30	-2.20	31.5	32.5		0.462	0.022	0.022	0.073	0.073
-2.30	-2.20	32.5	33.5		0.585	0.021	0.020	0.031	0.031
-2.30	-2.20	33.5	34.5		0.622	0.020	0.020	0.055	0.055
-2.30	-2.20	34.5	36.0		0.724	0.014	0.014	0.030	0.030
-2.30	-2.20	36.0	39.0		0.753	0.008	0.008	0.018	0.018
-2.30	-2.20	39.0	42.5		0.809	0.006	0.006	0.019	0.019
-2.30	-2.20	42.5	47.5		0.826	0.006	0.006	0.010	0.010
-2.30	-2.20	47.5	55.0		0.820	0.008	0.008	0.027	0.027
-2.30	-2.20	55.0	80.0		0.849	0.013	0.012	0.057	0.057
-2.30	-2.20	80.0	150.0		0.889	0.029	0.024	0.035	0.035
-2.30	-2.20	150.0	500.0		0.839	0.094	0.068	0.000	0.000
-2.20	-2.10	5.0	15.0		0.000	0.000	0.004	0.000	0.000
-2.20	-2.10	15.0	25.0		0.003	0.001	0.002	0.003	0.003
-2.20	-2.10	25.0	28.0		0.016	0.004	0.005	0.013	0.013
-2.20	-2.10	28.0	29.5		0.052	0.008	0.010	0.012	0.012
-2.20	-2.10	29.5	30.5		0.190	0.017	0.019	0.040	0.040
-2.20	-2.10	30.5	31.5		0.333	0.019	0.020	0.087	0.087
-2.20	-2.10	31.5	32.5		0.491	0.020	0.020	0.026	0.026
-2.20	-2.10	32.5	33.5		0.604	0.019	0.019	0.066	0.066
-2.20	-2.10	33.5	34.5		0.644	0.018	0.017	0.020	0.020
-2.20	-2.10	34.5	36.0		0.717	0.013	0.012	0.019	0.019
-2.20	-2.10	36.0	39.0		0.780	0.007	0.007	0.016	0.016
-2.20	-2.10	39.0	42.5		0.814	0.006	0.006	0.018	0.018
-2.20	-2.10	42.5	47.5		0.838	0.005	0.005	0.005	0.005
-2.20	-2.10	47.5	55.0		0.845	0.007	0.007	0.000	0.000
-2.20	-2.10	55.0	80.0		0.882	0.011	0.010	0.000	0.000
-2.20	-2.10	80.0	150.0		0.885	0.025	0.021	0.054	0.054
-2.20	-2.10	150.0	500.0		0.933	0.081	0.043	0.000	0.000
-2.10	-1.57	5.0	15.0		0.000	0.000	0.001	0.000	0.000
-2.10	-1.57	15.0	25.0		0.001	0.000	0.000	0.001	0.001
-2.10	-1.57	25.0	28.0		0.005	0.001	0.001	0.002	0.002
-2.10	-1.57	28.0	29.5		0.052	0.003	0.003	0.006	0.006
-2.10	-1.57	29.5	30.5		0.177	0.006	0.006	0.013	0.013
-2.10	-1.57	30.5	31.5		0.335	0.007	0.007	0.020	0.020
-2.10	-1.57	31.5	32.5		0.471	0.007	0.007	0.000	0.000
-2.10	-1.57	32.5	33.5		0.580	0.007	0.007	0.011	0.011
-2.10	-1.57	33.5	34.5		0.625	0.006	0.006	0.016	0.016
-2.10	-1.57	34.5	36.0		0.698	0.005	0.004	0.005	0.005
-2.10	-1.57	36.0	39.0		0.775	0.003	0.003	0.008	0.008
-2.10	-1.57	39.0	42.5		0.830	0.002	0.002	0.003	0.003
-2.10	-1.57	42.5	47.5		0.859	0.002	0.002	0.000	0.000
-2.10	-1.57	47.5	55.0		0.870	0.002	0.002	0.000	0.000
-2.10	-1.57	55.0	80.0		0.887	0.004	0.003	0.007	0.007
-2.10	-1.57	80.0	150.0		0.919	0.007	0.006	0.000	0.000
-2.10	-1.57	150.0	500.0		0.923	0.019	0.016	0.020	0.020
-1.57	-1.44	5.0	15.0		0.000	0.000	0.003	0.000	0.000
-1.57	-1.44	15.0	25.0		0.003	0.001	0.002	0.003	0.003
-1.57	-1.44	25.0	28.0		0.004	0.002	0.003	0.003	0.003
-1.57	-1.44	28.0	29.5		0.051	0.007	0.009	0.020	0.020
-1.57	-1.44	29.5	30.5		0.179	0.015	0.016	0.030	0.030
-1.57	-1.44	30.5	31.5		0.320	0.018	0.018	0.027	0.027
-1.57	-1.44	31.5	32.5		0.461	0.018	0.018	0.023	0.023
-1.57	-1.44	32.5	33.5		0.529	0.017	0.017	0.060	0.060
-1.57	-1.44	33.5	34.5		0.629	0.016	0.016	0.000	0.000
-1.57	-1.44	34.5	36.0		0.652	0.012	0.012	0.019	0.019
-1.57	-1.44	36.0	39.0		0.743	0.007	0.007	0.024	0.024
-1.57	-1.44	39.0	42.5		0.795	0.005	0.005	0.009	0.009
-1.57	-1.44	42.5	47.5		0.819	0.005	0.005	0.012	0.012
-1.57	-1.44	47.5	55.0		0.817	0.006	0.006	0.014	0.014
-1.57	-1.44	55.0	80.0		0.828	0.010	0.010	0.000	0.000
-1.57	-1.44	80.0	150.0		0.872	0.023	0.020	0.024	0.024
-1.57	-1.44	150.0	500.0		0.848	0.072	0.054	0.000	0.000
-1.44	-0.80	5.0	15.0		0.000	0.000	0.000	0.000	0.000
-1.44	-0.80	15.0	25.0		0.000	0.000	0.000	0.000	0.000
-1.44	-0.80	25.0	28.0		0.002	0.000	0.000	0.001	0.001
-1.44	-0.80	28.0	29.5		0.023	0.002	0.002	0.000	0.000
-1.44	-0.80	29.5	30.5		0.163	0.004	0.004	0.009	0.009
-1.44	-0.80	30.5	31.5		0.414	0.006	0.006	0.020	0.020
-1.44	-0.80	31.5	32.5		0.580	0.005	0.005	0.008	0.008
-1.44	-0.80	32.5	33.5		0.642	0.005	0.005	0.010	0.010
-1.44	-0.80	33.5	34.5		0.706	0.004	0.004	0.011	0.011
-1.44	-0.80	34.5	36.0		0.756	0.003	0.003	0.000	0.000
-1.44	-0.80	36.0	39.0		0.805	0.002	0.002	0.004	0.004
-1.44	-0.80	39.0	42.5		0.838	0.001	0.001	0.001	0.001
-1.44	-0.80	42.5	47.5		0.855	0.001	0.001	0.005	0.005
-1.44	-0.80	47.5	55.0		0.865	0.002	0.002	0.000	0.000
-1.44	-0.80	55.0	80.0		0.886	0.003	0.003	0.006	0.006
-1.44	-0.80	80.0	150.0		0.915	0.005	0.005	0.015	0.015
-1.44	-0.80	150.0	500.0		0.937	0.012	0.010	0.000	0.000
-0.80	-0.40	5.0	15.0		0.000	0.000	0.001	0.000	0.000
-0.80	-0.40	15.0	25.0		0.000	0.000	0.000	0.000	0.000
-0.80	-0.40	25.0	28.0		0.003	0.001	0.001	0.000	0.000
-0.80	-0.40	28.0	29.5		0.017	0.002	0.002	0.002	0.002
-0.80	-0.40	29.5	30.5		0.186	0.005	0.006	0.010	0.010
-0.80	-0.40	30.5	31.5		0.457	0.007	0.007	0.000	0.000
-0.80	-0.40	31.5	32.5		0.613	0.006	0.006	0.000	0.000
-0.80	-0.40	32.5	33.5		0.669	0.006	0.006	0.000	0.000
-0.80	-0.40	33.5	34.5		0.719	0.005	0.005	0.007	0.007
-0.80	-0.40	34.5	36.0		0.759	0.004	0.004	0.007	0.007
-0.80	-0.40	36.0	39.0		0.805	0.002	0.002	0.005	0.005
-0.80	-0.40	39.0	42.5		0.825	0.002	0.002	0.003	0.003
-0.80	-0.40	42.5	47.5		0.843	0.001	0.001	0.002	0.002
-0.80	-0.40	47.5	55.0		0.859	0.002	0.002	0.003	0.003
-0.80	-0.40	55.0	80.0		0.888	0.003	0.003	0.000	0.000
-0.80	-0.40	80.0	150.0		0.920	0.006	0.005	0.006	0.006
-0.80	-0.40	150.0	500.0		0.922	0.016	0.013	0.000	0.000
-0.40	0.00	5.0	15.0		0.000	0.000	0.001	0.000	0.000
-0.40	0.00	15.0	25.0		0.000	0.000	0.000	0.000	0.000
-0.40	0.00	25.0	28.0		0.001	0.000	0.000	0.001	0.001
-0.40	0.00	28.0	29.5		0.013	0.001	0.002	0.000	0.000
-0.40	0.00	29.5	30.5		0.174	0.005	0.006	0.006	0.006
-0.40	0.00	30.5	31.5		0.493	0.007	0.007	0.008	0.008
-0.40	0.00	31.5	32.5		0.623	0.006	0.006	0.000	0.000
-0.40	0.00	32.5	33.5		0.689	0.006	0.006	0.000	0.000
-0.40	0.00	33.5	34.5		0.714	0.005	0.005	0.007	0.007
-0.40	0.00	34.5	36.0		0.756	0.004	0.004	0.000	0.000
-0.40	0.00	36.0	39.0		0.800	0.002	0.002	0.007	0.007
-0.40	0.00	39.0	42.5		0.826	0.002	0.002	0.005	0.005
-0.40	0.00	42.5	47.5		0.842	0.001	0.001	0.004	0.004
-0.40	0.00	47.5	55.0		0.862	0.002	0.002	0.004	0.004
-0.40	0.00	55.0	80.0		0.893	0.003	0.003	0.003	0.003
-0.40	0.00	80.0	150.0		0.922	0.005	0.005	0.011	0.011
-0.40	0.00	150.0	500.0		0.934	0.014	0.012	0.000	0.000
0.00	0.40	5.0	15.0		0.000	0.000	0.001	0.000	0.000
0.00	0.40	15.0	25.0		0.000	0.000	0.000	0.000	0.000
0.00	0.40	25.0	28.0		0.001	0.000	0.000	0.001	0.001
0.00	0.40	28.0	29.5		0.013	0.001	0.002	0.000	0.000
0.00	0.40	29.5	30.5		0.181	0.005	0.005	0.000	0.000
0.00	0.40	30.5	31.5		0.512	0.007	0.007	0.009	0.009
0.00	0.40	31.5	32.5		0.640	0.006	0.006	0.000	0.000
0.00	0.40	32.5	33.5		0.684	0.005	0.005	0.012	0.012
0.00	0.40	33.5	34.5		0.724	0.005	0.005	0.008	0.008
0.00	0.40	34.5	36.0		0.760	0.004	0.004	0.004	0.004
0.00	0.40	36.0	39.0		0.811	0.002	0.002	0.000	0.000
0.00	0.40	39.0	42.5		0.830	0.002	0.002	0.000	0.000
0.00	0.40	42.5	47.5		0.846	0.001	0.001	0.001	0.001
0.00	0.40	47.5	55.0		0.867	0.002	0.002	0.004	0.004
0.00	0.40	55.0	80.0		0.893	0.003	0.003	0.007	0.007
0.00	0.40	80.0	150.0		0.930	0.005	0.005	0.007	0.007
0.00	0.40	150.0	500.0		0.936	0.013	0.011	0.000	0.000
0.40	0.80	5.0	15.0		0.000	0.000	0.001	0.000	0.000
0.40	0.80	15.0	25.0		0.000	0.000	0.000	0.000	0.000
0.40	0.80	25.0	28.0		0.002	0.000	0.000	0.000	0.000
0.40	0.80	28.0	29.5		0.019	0.002	0.002	0.004	0.004
0.40	0.80	29.5	30.5		0.181	0.005	0.005	0.010	0.010
0.40	0.80	30.5	31.5		0.464	0.007	0.007	0.008	0.008
0.40	0.80	31.5	32.5		0.614	0.006	0.006	0.008	0.008
0.40	0.80	32.5	33.5		0.678	0.005	0.005	0.014	0.014
0.40	0.80	33.5	34.5		0.714	0.005	0.005	0.010	0.010
0.40	0.80	34.5	36.0		0.761	0.004	0.003	0.004	0.004
0.40	0.80	36.0	39.0		0.804	0.002	0.002	0.000	0.000
0.40	0.80	39.0	42.5		0.831	0.002	0.002	0.003	0.003
0.40	0.80	42.5	47.5		0.846	0.001	0.001	0.000	0.000
0.40	0.80	47.5	55.0		0.866	0.002	0.002	0.002	0.002
0.40	0.80	55.0	80.0		0.891	0.003	0.003	0.006	0.006
0.40	0.80	80.0	150.0		0.934	0.005	0.005	0.000	0.000
0.40	0.80	150.0	500.0		0.938	0.013	0.011	0.000	0.000
0.80	1.44	5.0	15.0		0.000	0.000	0.000	0.000	0.000
0.80	1.44	15.0	25.0		0.001	0.000	0.000	0.001	0.001
0.80	1.44	25.0	28.0		0.003	0.000	0.001	0.000	0.000
0.80	1.44	28.0	29.5		0.028	0.002	0.002	0.000	0.000
0.80	1.44	29.5	30.5		0.176	0.005	0.005	0.000	0.000
0.80	1.44	30.5	31.5		0.414	0.005	0.006	0.016	0.016
0.80	1.44	31.5	32.5		0.578	0.005	0.005	0.000	0.000
0.80	1.44	32.5	33.5		0.658	0.005	0.005	0.008	0.008
0.80	1.44	33.5	34.5		0.710	0.004	0.004	0.006	0.006
0.80	1.44	34.5	36.0		0.764	0.003	0.003	0.000	0.000
0.80	1.44	36.0	39.0		0.817	0.002	0.002	0.000	0.000
0.80	1.44	39.0	42.5		0.850	0.001	0.001	0.000	0.000
0.80	1.44	42.5	47.5		0.867	0.001	0.001	0.002	0.002
0.80	1.44	47.5	55.0		0.880	0.001	0.001	0.005	0.005
0.80	1.44	55.0	80.0		0.904	0.002	0.002	0.005	0.005
0.80	1.44	80.0	150.0		0.944	0.004	0.004	0.005	0.005
0.80	1.44	150.0	500.0		0.953	0.010	0.009	0.023	0.023
1.44	1.57	5.0	15.0		0.000	0.000	0.003	0.000	0.000
1.44	1.57	15.0	25.0		0.004	0.001	0.002	0.004	0.004
1.44	1.57	25.0	28.0		0.017	0.003	0.004	0.004	0.004
1.44	1.57	28.0	29.5		0.052	0.007	0.008	0.016	0.016
1.44	1.57	29.5	30.5		0.167	0.014	0.015	0.019	0.019
1.44	1.57	30.5	31.5		0.352	0.016	0.017	0.024	0.024
1.44	1.57	31.5	32.5		0.450	0.017	0.017	0.018	0.018
1.44	1.57	32.5	33.5		0.546	0.015	0.015	0.039	0.039
1.44	1.57	33.5	34.5		0.615	0.015	0.014	0.015	0.015
1.44	1.57	34.5	36.0		0.649	0.011	0.011	0.022	0.022
1.44	1.57	36.0	39.0		0.730	0.007	0.007	0.000	0.000
1.44	1.57	39.0	42.5		0.782	0.005	0.005	0.000	0.000
1.44	1.57	42.5	47.5		0.814	0.004	0.004	0.000	0.000
1.44	1.57	47.5	55.0		0.827	0.006	0.006	0.000	0.000
1.44	1.57	55.0	80.0		0.848	0.009	0.009	0.017	0.017
1.44	1.57	80.0	150.0		0.824	0.024	0.022	0.094	0.094
1.44	1.57	150.0	500.0		0.885	0.063	0.045	0.000	0.000
1.57	2.10	5.0	15.0		0.000	0.000	0.001	0.000	0.000
1.57	2.10	15.0	25.0		0.002	0.000	0.000	0.001	0.001
1.57	2.10	25.0	28.0		0.005	0.001	0.001	0.000	0.000
1.57	2.10	28.0	29.5		0.052	0.003	0.003	0.000	0.000
1.57	2.10	29.5	30.5		0.180	0.006	0.006	0.011	0.011
1.57	2.10	30.5	31.5		0.333	0.007	0.007	0.021	0.021
1.57	2.10	31.5	32.5		0.470	0.007	0.007	0.023	0.023
1.57	2.10	32.5	33.5		0.563	0.006	0.006	0.000	0.000
1.57	2.10	33.5	34.5		0.635	0.006	0.006	0.018	0.018
1.57	2.10	34.5	36.0		0.700	0.004	0.004	0.008	0.008
1.57	2.10	36.0	39.0		0.770	0.003	0.002	0.007	0.007
1.57	2.10	39.0	42.5		0.835	0.002	0.002	0.000	0.000
1.57	2.10	42.5	47.5		0.863	0.001	0.001	0.000	0.000
1.57	2.10	47.5	55.0		0.872	0.002	0.002	0.006	0.006
1.57	2.10	55.0	80.0		0.887	0.003	0.003	0.006	0.006
1.57	2.10	80.0	150.0		0.916	0.007	0.006	0.017	0.017
1.57	2.10	150.0	500.0		0.958	0.015	0.012	0.030	0.030
2.10	2.20	5.0	15.0		0.000	0.000	0.004	0.000	0.000
2.10	2.20	15.0	25.0		0.012	0.002	0.003	0.011	0.011
2.10	2.20	25.0	28.0		0.018	0.004	0.005	0.009	0.009
2.10	2.20	28.0	29.5		0.056	0.009	0.010	0.000	0.000
2.10	2.20	29.5	30.5		0.202	0.017	0.018	0.061	0.061
2.10	2.20	30.5	31.5		0.372	0.020	0.020	0.036	0.036
2.10	2.20	31.5	32.5		0.506	0.019	0.019	0.042	0.042
2.10	2.20	32.5	33.5		0.627	0.017	0.017	0.030	0.030
2.10	2.20	33.5	34.5		0.671	0.017	0.016	0.000	0.000
2.10	2.20	34.5	36.0		0.726	0.012	0.012	0.018	0.018
2.10	2.20	36.0	39.0		0.776	0.007	0.007	0.018	0.018
2.10	2.20	39.0	42.5		0.821	0.006	0.005	0.011	0.011
2.10	2.20	42.5	47.5		0.851	0.005	0.005	0.011	0.011
2.10	2.20	47.5	55.0		0.859	0.007	0.006	0.015	0.015
2.10	2.20	55.0	80.0		0.884	0.010	0.010	0.000	0.000
2.10	2.20	80.0	150.0		0.915	0.022	0.018	0.000	0.000
2.10	2.20	150.0	500.0		0.917	0.074	0.045	0.000	0.000
2.20	2.30	5.0	15.0		0.000	0.000	0.005	0.000	0.000
2.20	2.30	15.0	25.0		0.010	0.003	0.003	0.009	0.009
2.20	2.30	25.0	28.0		0.011	0.003	0.004	0.012	0.012
2.20	2.30	28.0	29.5		0.057	0.009	0.010	0.014	0.014
2.20	2.30	29.5	30.5		0.201	0.018	0.019	0.049	0.049
2.20	2.30	30.5	31.5		0.338	0.021	0.022	0.022	0.022
2.20	2.30	31.5	32.5		0.491	0.021	0.021	0.027	0.027
2.20	2.30	32.5	33.5		0.561	0.020	0.019	0.000	0.000
2.20	2.30	33.5	34.5		0.637	0.019	0.018	0.024	0.024
2.20	2.30	34.5	36.0		0.696	0.014	0.013	0.000	0.000
2.20	2.30	36.0	39.0		0.774	0.008	0.008	0.014	0.014
2.20	2.30	39.0	42.5		0.837	0.006	0.006	0.000	0.000
2.20	2.30	42.5	47.5		0.852	0.005	0.005	0.000	0.000
2.20	2.30	47.5	55.0		0.877	0.007	0.007	0.016	0.016
2.20	2.30	55.0	80.0		0.884	0.012	0.011	0.017	0.017
2.20	2.30	80.0	150.0		0.909	0.026	0.021	0.000	0.000
2.20	2.30	150.0	500.0		0.917	0.100	0.054	0.000	0.000
2.30	2.40	5.0	15.0		0.000	0.000	0.006	0.000	0.000
2.30	2.40	15.0	25.0		0.000	0.000	0.001	0.000	0.000
2.30	2.40	25.0	28.0		0.000	0.000	0.002	0.000	0.000
2.30	2.40	28.0	29.5		0.044	0.008	0.009	0.021	0.021
2.30	2.40	29.5	30.5		0.157	0.018	0.019	0.039	0.039
2.30	2.40	30.5	31.5		0.289	0.020	0.021	0.000	0.000
2.30	2.40	31.5	32.5		0.392	0.021	0.021	0.026	0.026
2.30	2.40	32.5	33.5		0.485	0.021	0.021	0.000	0.000
2.30	2.40	33.5	34.5		0.535	0.020	0.020	0.033	0.033
2.30	2.40	34.5	36.0		0.621	0.015	0.015	0.000	0.000
2.30	2.40	36.0	39.0		0.716	0.009	0.009	0.016	0.016
2.30	2.40	39.0	42.5		0.787	0.007	0.007	0.000	0.000
2.30	2.40	42.5	47.5		0.823	0.006	0.006	0.024	0.024
2.30	2.40	47.5	55.0		0.829	0.008	0.008	0.015	0.015
2.30	2.40	55.0	80.0		0.836	0.015	0.014	0.016	0.016
2.30	2.40	80.0	150.0		0.866	0.037	0.031	0.056	0.056
2.30	2.40	150.0	500.0		0.737	0.139	0.109	0.152	0.152
2.40	2.50	5.0	15.0		0.000	0.000	0.007	0.000	0.000
2.40	2.50	15.0	25.0		0.000	0.000	0.001	0.000	0.000
2.40	2.50	25.0	28.0		0.002	0.001	0.002	0.000	0.000
2.40	2.50	28.0	29.5		0.025	0.006	0.008	0.009	0.009
2.40	2.50	29.5	30.5		0.062	0.011	0.013	0.023	0.023
2.40	2.50	30.5	31.5		0.159	0.017	0.019	0.026	0.026
2.40	2.50	31.5	32.5		0.214	0.019	0.020	0.049	0.049
2.40	2.50	32.5	33.5		0.252	0.020	0.021	0.070	0.070
2.40	2.50	33.5	34.5		0.333	0.022	0.023	0.000	0.000
2.40	2.50	34.5	36.0		0.399	0.019	0.019	0.042	0.042
2.40	2.50	36.0	39.0		0.441	0.014	0.014	0.000	0.000
2.40	2.50	39.0	42.5		0.527	0.014	0.014	0.026	0.026
2.40	2.50	42.5	47.5		0.603	0.015	0.014	0.000	0.000
2.40	2.50	47.5	55.0		0.605	0.019	0.019	0.072	0.072
2.40	2.50	55.0	80.0		0.664	0.030	0.029	0.000	0.000
2.40	2.50	80.0	150.0		0.676	0.065	0.059	0.110	0.110
2.40	2.50	150.0	500.0		0.571	0.248	0.222	0.000	0.000
