-2.50	-2.40	0.0	10.0		0.026	0.007	0.008	0.024	0.024
-2.50	-2.40	10.0	12.0		0.049	0.011	0.014	0.000	0.000
-2.50	-2.40	12.0	13.0		0.201	0.025	0.028	0.037	0.037
-2.50	-2.40	13.0	14.0		0.353	0.028	0.029	0.087	0.087
-2.50	-2.40	14.0	15.0		0.568	0.027	0.027	0.000	0.000
-2.50	-2.40	15.0	20.0		0.711	0.008	0.008	0.013	0.013
-2.50	-2.40	20.0	25.0		0.794	0.006	0.005	0.000	0.000
-2.50	-2.40	25.0	30.0		0.837	0.004	0.004	0.005	0.005
-2.50	-2.40	30.0	35.0		0.867	0.003	0.003	0.009	0.009
-2.50	-2.40	35.0	40.0		0.890	0.002	0.002	0.004	0.004
-2.50	-2.40	40.0	45.0		0.901	0.002	0.002	0.002	0.002
-2.50	-2.40	45.0	50.0		0.905	0.002	0.002	0.000	0.000
-2.50	-2.40	50.0	60.0		0.909	0.003	0.003	0.004	0.004
-2.50	-2.40	60.0	100.0		0.931	0.005	0.005	0.000	0.000
-2.50	-2.40	100.0	200.0		0.976	0.011	0.008	0.000	0.000
-2.40	-2.30	0.0	10.0		0.019	0.005	0.006	0.017	0.017
-2.40	-2.30	10.0	12.0		0.067	0.013	0.015	0.016	0.016
-2.40	-2.30	12.0	13.0		0.253	0.026	0.028	0.043	0.043
-2.40	-2.30	13.0	14.0		0.445	0.028	0.029	0.000	0.000
-2.40	-2.30	14.0	15.0		0.609	0.024	0.024	0.000	0.000
-2.40	-2.30	15.0	20.0		0.811	0.007	0.007	0.000	0.000
-2.40	-2.30	20.0	25.0		0.913	0.004	0.004	0.011	0.011
-2.40	-2.30	25.0	30.0		0.944	0.002	0.002	0.005	0.005
-2.40	-2.30	30.0	35.0		0.951	0.002	0.002	0.000	0.000
-2.40	-2.30	35.0	40.0		0.956	0.001	0.001	0.002	0.002
-2.40	-2.30	40.0	45.0		0.959	0.001	0.001	0.002	0.002
-2.40	-2.30	45.0	50.0		0.964	0.001	0.001	0.002	0.002
-2.40	-2.30	50.0	60.0		0.966	0.002	0.002	0.002	0.002
-2.40	-2.30	60.0	100.0		0.968	0.004	0.003	0.005	0.005
-2.40	-2.30	100.0	200.0		0.988	0.008	0.005	0.014	0.014
-2.30	-2.20	0.0	10.0		0.015	0.004	0.005	0.015	0.015
-2.30	-2.20	10.0	12.0		0.077	0.012	0.014	0.026	0.026
-2.30	-2.20	12.0	13.0		0.372	0.026	0.027	0.000	0.000
-2.30	-2.20	13.0	14.0		0.537	0.027	0.027	0.000	0.000
-2.30	-2.20	14.0	15.0		0.671	0.023	0.022	0.053	0.053
-2.30	-2.20	15.0	20.0		0.791	0.007	0.007	0.019	0.019
-2.30	-2.20	20.0	25.0		0.879	0.004	0.004	0.007	0.007
-2.30	-2.20	25.0	30.0		0.911	0.003	0.003	0.000	0.000
-2.30	-2.20	30.0	35.0		0.917	0.002	0.002	0.000	0.000
-2.30	-2.20	35.0	40.0		0.921	0.002	0.002	0.000	0.000
-2.30	-2.20	40.0	45.0		0.922	0.001	0.001	0.005	0.005
-2.30	-2.20	45.0	50.0		0.923	0.002	0.002	0.004	0.004
-2.30	-2.20	50.0	60.0		0.925	0.003	0.003	0.009	0.009
-2.30	-2.20	60.0	100.0		0.939	0.005	0.005	0.000	0.000
-2.30	-2.20	100.0	200.0		0.944	0.013	0.011	0.024	0.024
-2.20	-2.10	0.0	10.0		0.011	0.003	0.004	0.008	0.008
-2.20	-2.10	10.0	12.0		0.064	0.011	0.012	0.000	0.000
-2.20	-2.10	12.0	13.0		0.291	0.023	0.024	0.000	0.000
-2.20	-2.10	13.0	14.0		0.485	0.024	0.024	0.050	0.050
-2.20	-2.10	14.0	15.0		0.563	0.022	0.022	0.042	0.042
-2.20	-2.10	15.0	20.0		0.790	0.007	0.006	0.000	0.000
-2.20	-2.10	20.0	25.0		0.881	0.004	0.004	0.005	0.005
-2.20	-2.10	25.0	30.0		0.913	0.003	0.003	0.006	0.006
-2.20	-2.10	30.0	35.0		0.927	0.002	0.002	0.000	0.000
-2.20	-2.10	35.0	40.0		0.933	0.001	0.001	0.004	0.004
-2.20	-2.10	40.0	45.0		0.936	0.001	0.001	0.002	0.002
-2.20	-2.10	45.0	50.0		0.943	0.002	0.001	0.006	0.006
-2.20	-2.10	50.0	60.0		0.939	0.002	0.002	0.011	0.011
-2.20	-2.10	60.0	100.0		0.955	0.004	0.004	0.009	0.009
-2.20	-2.10	100.0	200.0		0.976	0.008	0.006	0.017	0.017
-2.10	-1.57	0.0	10.0		0.004	0.001	0.001	0.005	0.005
-2.10	-1.57	10.0	12.0		0.061	0.004	0.004	0.000	0.000
-2.10	-1.57	12.0	13.0		0.282	0.009	0.009	0.000	0.000
-2.10	-1.57	13.0	14.0		0.456	0.009	0.009	0.018	0.018
-2.10	-1.57	14.0	15.0		0.615	0.008	0.008	0.000	0.000
-2.10	-1.57	15.0	20.0		0.815	0.002	0.002	0.006	0.006
-2.10	-1.57	20.0	25.0		0.911	0.001	0.001	0.000	0.000
-2.10	-1.57	25.0	30.0		0.934	0.001	0.001	0.000	0.000
-2.10	-1.57	30.0	35.0		0.941	0.001	0.001	0.001	0.001
-2.10	-1.57	35.0	40.0		0.949	0.000	0.000	0.000	0.000
-2.10	-1.57	40.0	45.0		0.958	0.000	0.000	0.001	0.001
-2.10	-1.57	45.0	50.0		0.964	0.000	0.000	0.001	0.001
-2.10	-1.57	50.0	60.0		0.963	0.001	0.001	0.001	0.001
-2.10	-1.57	60.0	100.0		0.968	0.001	0.001	0.002	0.002
-2.10	-1.57	100.0	200.0		0.978	0.002	0.002	0.003	0.003
-1.57	-1.44	0.0	10.0		0.005	0.002	0.003	0.010	0.010
-1.57	-1.44	10.0	12.0		0.052	0.009	0.011	0.032	0.032
-1.57	-1.44	12.0	13.0		0.306	0.025	0.026	0.055	0.055
-1.57	-1.44	13.0	14.0		0.423	0.023	0.023	0.000	0.000
-1.57	-1.44	14.0	15.0		0.593	0.023	0.022	0.036	0.036
-1.57	-1.44	15.0	20.0		0.753	0.007	0.007	0.017	0.017
-1.57	-1.44	20.0	25.0		0.843	0.004	0.004	0.000	0.000
-1.57	-1.44	25.0	30.0		0.870	0.003	0.003	0.000	0.000
-1.57	-1.44	30.0	35.0		0.890	0.002	0.002	0.004	0.004
-1.57	-1.44	35.0	40.0		0.916	0.001	0.001	0.002	0.002
-1.57	-1.44	40.0	45.0		0.926	0.001	0.001	0.002	0.002
-1.57	-1.44	45.0	50.0		0.931	0.001	0.001	0.004	0.004
-1.57	-1.44	50.0	60.0		0.934	0.002	0.002	0.006	0.006
-1.57	-1.44	60.0	100.0		0.933	0.004	0.004	0.000	0.000
-1.57	-1.44	100.0	200.0		0.947	0.009	0.008	0.026	0.026
-1.44	-0.80	0.0	10.0		0.002	0.001	0.001	0.002	0.002
-1.44	-0.80	10.0	12.0		0.041	0.003	0.003	0.013	0.013
-1.44	-0.80	12.0	13.0		0.327	0.009	0.009	0.013	0.013
-1.44	-0.80	13.0	14.0		0.574	0.009	0.009	0.000	0.000
-1.44	-0.80	14.0	15.0		0.694	0.007	0.007	0.022	0.022
-1.44	-0.80	15.0	20.0		0.829	0.002	0.002	0.007	0.007
-1.44	-0.80	20.0	25.0		0.861	0.001	0.001	0.002	0.002
-1.44	-0.80	25.0	30.0		0.887	0.001	0.001	0.001	0.001
-1.44	-0.80	30.0	35.0		0.910	0.001	0.001	0.002	0.002
-1.44	-0.80	35.0	40.0		0.925	0.000	0.000	0.001	0.001
-1.44	-0.80	40.0	45.0		0.933	0.000	0.000	0.000	0.000
-1.44	-0.80	45.0	50.0		0.936	0.000	0.000	0.001	0.001
-1.44	-0.80	50.0	60.0		0.939	0.001	0.001	0.001	0.001
-1.44	-0.80	60.0	100.0		0.950	0.001	0.001	0.002	0.002
-1.44	-0.80	100.0	200.0		0.971	0.002	0.002	0.005	0.005
-0.80	-0.40	0.0	10.0		0.001	0.001	0.001	0.002	0.002
-0.80	-0.40	10.0	12.0		0.064	0.005	0.005	0.000	0.000
-0.80	-0.40	12.0	13.0		0.470	0.012	0.012	0.013	0.013
-0.80	-0.40	13.0	14.0		0.717	0.010	0.010	0.011	0.011
-0.80	-0.40	14.0	15.0		0.793	0.008	0.008	0.009	0.009
-0.80	-0.40	15.0	20.0		0.842	0.002	0.002	0.006	0.006
-0.80	-0.40	20.0	25.0		0.856	0.002	0.001	0.002	0.002
-0.80	-0.40	25.0	30.0		0.885	0.001	0.001	0.004	0.004
-0.80	-0.40	30.0	35.0		0.904	0.001	0.001	0.001	0.001
-0.80	-0.40	35.0	40.0		0.918	0.000	0.000	0.001	0.001
-0.80	-0.40	40.0	45.0		0.927	0.000	0.000	0.001	0.001
-0.80	-0.40	45.0	50.0		0.933	0.000	0.000	0.001	0.001
-0.80	-0.40	50.0	60.0		0.941	0.001	0.001	0.002	0.002
-0.80	-0.40	60.0	100.0		0.958	0.001	0.001	0.001	0.001
-0.80	-0.40	100.0	200.0		0.970	0.002	0.002	0.004	0.004
-0.40	0.00	0.0	10.0		0.002	0.001	0.001	0.002	0.002
-0.40	0.00	10.0	12.0		0.079	0.006	0.006	0.000	0.000
-0.40	0.00	12.0	13.0		0.514	0.013	0.013	0.038	0.038
-0.40	0.00	13.0	14.0		0.748	0.010	0.009	0.020	0.020
-0.40	0.00	14.0	15.0		0.811	0.008	0.008	0.018	0.018
-0.40	0.00	15.0	20.0		0.810	0.002	0.002	0.007	0.007
-0.40	0.00	20.0	25.0		0.838	0.002	0.002	0.003	0.003
-0.40	0.00	25.0	30.0		0.877	0.001	0.001	0.002	0.002
-0.40	0.00	30.0	35.0		0.900	0.001	0.001	0.001	0.001
-0.40	0.00	35.0	40.0		0.914	0.000	0.000	0.001	0.001
-0.40	0.00	40.0	45.0		0.923	0.000	0.000	0.001	0.001
-0.40	0.00	45.0	50.0		0.930	0.000	0.000	0.000	0.000
-0.40	0.00	50.0	60.0		0.938	0.001	0.001	0.002	0.002
-0.40	0.00	60.0	100.0		0.957	0.001	0.001	0.002	0.002
-0.40	0.00	100.0	200.0		0.970	0.002	0.002	0.000	0.000
0.00	0.40	0.0	10.0		0.002	0.001	0.001	0.001	0.001
0.00	0.40	10.0	12.0		0.078	0.006	0.006	0.015	0.015
0.00	0.40	12.0	13.0		0.550	0.013	0.013	0.032	0.032
0.00	0.40	13.0	14.0		0.733	0.010	0.010	0.018	0.018
0.00	0.40	14.0	15.0		0.789	0.008	0.008	0.011	0.011
0.00	0.40	15.0	20.0		0.817	0.002	0.002	0.000	0.000
0.00	0.40	20.0	25.0		0.845	0.002	0.002	0.003	0.003
0.00	0.40	25.0	30.0		0.878	0.001	0.001	0.001	0.001
0.00	0.40	30.0	35.0		0.903	0.001	0.001	0.002	0.002
0.00	0.40	35.0	40.0		0.916	0.000	0.000	0.001	0.001
0.00	0.40	40.0	45.0		0.925	0.000	0.000	0.000	0.000
0.00	0.40	45.0	50.0		0.931	0.000	0.000	0.002	0.002
0.00	0.40	50.0	60.0		0.941	0.001	0.001	0.002	0.002
0.00	0.40	60.0	100.0		0.959	0.001	0.001	0.000	0.000
0.00	0.40	100.0	200.0		0.974	0.002	0.002	0.000	0.000
0.40	0.80	0.0	10.0		0.001	0.000	0.001	0.000	0.000
0.40	0.80	10.0	12.0		0.052	0.004	0.005	0.000	0.000
0.40	0.80	12.0	13.0		0.462	0.012	0.012	0.013	0.013
0.40	0.80	13.0	14.0		0.720	0.009	0.009	0.022	0.022
0.40	0.80	14.0	15.0		0.802	0.008	0.008	0.024	0.024
0.40	0.80	15.0	20.0		0.835	0.002	0.002	0.003	0.003
0.40	0.80	20.0	25.0		0.851	0.002	0.002	0.002	0.002
0.40	0.80	25.0	30.0		0.879	0.001	0.001	0.003	0.003
0.40	0.80	30.0	35.0		0.900	0.001	0.001	0.001	0.001
0.40	0.80	35.0	40.0		0.915	0.000	0.000	0.001	0.001
0.40	0.80	40.0	45.0		0.923	0.000	0.000	0.000	0.000
0.40	0.80	45.0	50.0		0.929	0.000	0.000	0.001	0.001
0.40	0.80	50.0	60.0		0.938	0.001	0.001	0.001	0.001
0.40	0.80	60.0	100.0		0.956	0.001	0.001	0.001	0.001
0.40	0.80	100.0	200.0		0.977	0.002	0.002	0.000	0.000
0.80	1.44	0.0	10.0		0.002	0.000	0.001	0.002	0.002
0.80	1.44	10.0	12.0		0.044	0.003	0.003	0.000	0.000
0.80	1.44	12.0	13.0		0.335	0.009	0.009	0.022	0.022
0.80	1.44	13.0	14.0		0.577	0.009	0.009	0.014	0.014
0.80	1.44	14.0	15.0		0.713	0.007	0.007	0.025	0.025
0.80	1.44	15.0	20.0		0.834	0.002	0.002	0.007	0.007
0.80	1.44	20.0	25.0		0.868	0.001	0.001	0.002	0.002
0.80	1.44	25.0	30.0		0.892	0.001	0.001	0.002	0.002
0.80	1.44	30.0	35.0		0.915	0.001	0.001	0.001	0.001
0.80	1.44	35.0	40.0		0.931	0.000	0.000	0.001	0.001
0.80	1.44	40.0	45.0		0.940	0.000	0.000	0.001	0.001
0.80	1.44	45.0	50.0		0.943	0.000	0.000	0.001	0.001
0.80	1.44	50.0	60.0		0.946	0.001	0.001	0.003	0.003
0.80	1.44	60.0	100.0		0.959	0.001	0.001	0.003	0.003
0.80	1.44	100.0	200.0		0.981	0.002	0.001	0.002	0.002
1.44	1.57	0.0	10.0		0.004	0.002	0.003	0.000	0.000
1.44	1.57	10.0	12.0		0.052	0.009	0.011	0.014	0.014
1.44	1.57	12.0	13.0		0.271	0.025	0.026	0.032	0.032
1.44	1.57	13.0	14.0		0.428	0.023	0.023	0.024	0.024
1.44	1.57	14.0	15.0		0.579	0.022	0.022	0.027	0.027
1.44	1.57	15.0	20.0		0.742	0.007	0.007	0.020	0.020
1.44	1.57	20.0	25.0		0.833	0.004	0.004	0.010	0.010
1.44	1.57	25.0	30.0		0.866	0.003	0.003	0.000	0.000
1.44	1.57	30.0	35.0		0.890	0.002	0.002	0.000	0.000
1.44	1.57	35.0	40.0		0.915	0.001	0.001	0.002	0.002
1.44	1.57	40.0	45.0		0.926	0.001	0.001	0.000	0.000
1.44	1.57	45.0	50.0		0.932	0.001	0.001	0.002	0.002
1.44	1.57	50.0	60.0		0.933	0.002	0.002	0.003	0.003
1.44	1.57	60.0	100.0		0.937	0.004	0.004	0.005	0.005
1.44	1.57	100.0	200.0		0.968	0.007	0.006	0.008	0.008
1.57	2.10	0.0	10.0		0.004	0.001	0.001	0.007	0.007
1.57	2.10	10.0	12.0		0.067	0.004	0.004	0.007	0.007
1.57	2.10	12.0	13.0		0.271	0.009	0.009	0.020	0.020
1.57	2.10	13.0	14.0		0.443	0.009	0.009	0.038	0.038
1.57	2.10	14.0	15.0		0.592	0.008	0.008	0.022	0.022
1.57	2.10	15.0	20.0		0.802	0.002	0.002	0.017	0.017
1.57	2.10	20.0	25.0		0.902	0.001	0.001	0.006	0.006
1.57	2.10	25.0	30.0		0.933	0.001	0.001	0.001	0.001
1.57	2.10	30.0	35.0		0.944	0.001	0.001	0.001	0.001
1.57	2.10	35.0	40.0		0.953	0.000	0.000	0.001	0.001
1.57	2.10	40.0	45.0		0.962	0.000	0.000	0.000	0.000
1.57	2.10	45.0	50.0		0.968	0.000	0.000	0.001	0.001
1.57	2.10	50.0	60.0		0.967	0.001	0.001	0.001	0.001
1.57	2.10	60.0	100.0		0.974	0.001	0.001	0.001	0.001
1.57	2.10	100.0	200.0		0.986	0.002	0.002	0.000	0.000
2.10	2.20	0.0	10.0		0.004	0.002	0.003	0.011	0.011
2.10	2.20	10.0	12.0		0.090	0.012	0.013	0.000	0.000
2.10	2.20	12.0	13.0		0.355	0.025	0.026	0.048	0.048
2.10	2.20	13.0	14.0		0.454	0.024	0.024	0.121	0.121
2.10	2.20	14.0	15.0		0.615	0.022	0.022	0.044	0.044
2.10	2.20	15.0	20.0		0.810	0.006	0.006	0.009	0.009
2.10	2.20	20.0	25.0		0.906	0.003	0.003	0.008	0.008
2.10	2.20	25.0	30.0		0.932	0.002	0.002	0.004	0.004
2.10	2.20	30.0	35.0		0.946	0.001	0.001	0.000	0.000
2.10	2.20	35.0	40.0		0.951	0.001	0.001	0.001	0.001
2.10	2.20	40.0	45.0		0.954	0.001	0.001	0.000	0.000
2.10	2.20	45.0	50.0		0.958	0.001	0.001	0.000	0.000
2.10	2.20	50.0	60.0		0.959	0.002	0.002	0.008	0.008
2.10	2.20	60.0	100.0		0.973	0.003	0.003	0.003	0.003
2.10	2.20	100.0	200.0		0.979	0.008	0.006	0.000	0.000
2.20	2.30	0.0	10.0		0.010	0.003	0.004	0.008	0.008
2.20	2.30	10.0	12.0		0.077	0.012	0.014	0.000	0.000
2.20	2.30	12.0	13.0		0.319	0.026	0.027	0.000	0.000
2.20	2.30	13.0	14.0		0.570	0.027	0.026	0.062	0.062
2.20	2.30	14.0	15.0		0.684	0.022	0.021	0.000	0.000
2.20	2.30	15.0	20.0		0.845	0.006	0.006	0.020	0.020
2.20	2.30	20.0	25.0		0.921	0.003	0.003	0.003	0.003
2.20	2.30	25.0	30.0		0.941	0.002	0.002	0.006	0.006
2.20	2.30	30.0	35.0		0.954	0.001	0.001	0.002	0.002
2.20	2.30	35.0	40.0		0.957	0.001	0.001	0.002	0.002
2.20	2.30	40.0	45.0		0.961	0.001	0.001	0.003	0.003
2.20	2.30	45.0	50.0		0.970	0.001	0.001	0.002	0.002
2.20	2.30	50.0	60.0		0.971	0.002	0.002	0.000	0.000
2.20	2.30	60.0	100.0		0.978	0.003	0.003	0.000	0.000
2.20	2.30	100.0	200.0		0.976	0.009	0.007	0.010	0.010
2.30	2.40	0.0	10.0		0.018	0.005	0.006	0.021	0.021
2.30	2.40	10.0	12.0		0.051	0.010	0.013	0.000	0.000
2.30	2.40	12.0	13.0		0.236	0.026	0.028	0.000	0.000
2.30	2.40	13.0	14.0		0.451	0.028	0.028	0.000	0.000
2.30	2.40	14.0	15.0		0.582	0.024	0.024	0.026	0.026
2.30	2.40	15.0	20.0		0.838	0.006	0.006	0.020	0.020
2.30	2.40	20.0	25.0		0.929	0.003	0.003	0.009	0.009
2.30	2.40	25.0	30.0		0.953	0.002	0.002	0.000	0.000
2.30	2.40	30.0	35.0		0.963	0.001	0.001	0.005	0.005
2.30	2.40	35.0	40.0		0.965	0.001	0.001	0.002	0.002
2.30	2.40	40.0	45.0		0.967	0.001	0.001	0.002	0.002
2.30	2.40	45.0	50.0		0.970	0.001	0.001	0.001	0.001
2.30	2.40	50.0	60.0		0.970	0.002	0.002	0.004	0.004
2.30	2.40	60.0	100.0		0.978	0.003	0.003	0.000	0.000
2.30	2.40	100.0	200.0		0.981	0.009	0.006	0.000	0.000
2.40	2.50	0.0	10.0		0.022	0.006	0.008	0.037	0.037
2.40	2.50	10.0	12.0		0.041	0.010	0.013	0.015	0.015
2.40	2.50	12.0	13.0		0.167	0.025	0.029	0.067	0.067
2.40	2.50	13.0	14.0		0.297	0.027	0.028	0.093	0.093
2.40	2.50	14.0	15.0		0.507	0.028	0.027	0.075	0.075
2.40	2.50	15.0	20.0		0.677	0.009	0.009	0.010	0.010
2.40	2.50	20.0	25.0		0.780	0.006	0.006	0.016	0.016
2.40	2.50	25.0	30.0		0.797	0.004	0.004	0.010	0.010
2.40	2.50	30.0	35.0		0.798	0.003	0.003	0.006	0.006
2.40	2.50	35.0	40.0		0.812	0.003	0.003	0.000	0.000
2.40	2.50	40.0	45.0		0.810	0.003	0.003	0.000	0.000
2.40	2.50	45.0	50.0		0.815	0.003	0.003	0.007	0.007
2.40	2.50	50.0	60.0		0.822	0.004	0.004	0.000	0.000
2.40	2.50	60.0	100.0		0.821	0.008	0.007	0.011	0.011
2.40	2.50	100.0	200.0		0.885	0.019	0.017	0.000	0.000
