-2.50	-2.40	0.0	20.0		0.006	0.001	0.001	0.002	0.002
-2.50	-2.40	20.0	23.0		0.117	0.006	0.006	0.016	0.016
-2.50	-2.40	23.0	24.0		0.489	0.015	0.015	0.027	0.027
-2.50	-2.40	24.0	25.0		0.675	0.013	0.013	0.041	0.041
-2.50	-2.40	25.0	26.0		0.783	0.011	0.011	0.000	0.000
-2.50	-2.40	26.0	30.0		0.838	0.004	0.004	0.005	0.005
-2.50	-2.40	30.0	35.0		0.867	0.003	0.003	0.009	0.009
-2.50	-2.40	35.0	40.0		0.890	0.002	0.002	0.004	0.004
-2.50	-2.40	40.0	45.0		0.901	0.002	0.002	0.002	0.002
-2.50	-2.40	45.0	50.0		0.905	0.002	0.002	0.000	0.000
-2.50	-2.40	50.0	60.0		0.909	0.003	0.003	0.004	0.004
-2.50	-2.40	60.0	100.0		0.931	0.005	0.005	0.000	0.000
-2.50	-2.40	100.0	200.0		0.976	0.011	0.008	0.000	0.000
-2.40	-2.30	0.0	20.0		0.003	0.001	0.001	0.000	0.000
-2.40	-2.30	20.0	23.0		0.120	0.006	0.006	0.000	0.000
-2.40	-2.30	23.0	24.0		0.578	0.014	0.014	0.025	0.025
-2.40	-2.30	24.0	25.0		0.787	0.011	0.011	0.022	0.022
-2.40	-2.30	25.0	26.0		0.901	0.008	0.007	0.013	0.013
-2.40	-2.30	26.0	30.0		0.944	0.003	0.002	0.007	0.007
-2.40	-2.30	30.0	35.0		0.951	0.002	0.002	0.000	0.000
-2.40	-2.30	35.0	40.0		0.956	0.001	0.001	0.002	0.002
-2.40	-2.30	40.0	45.0		0.959	0.001	0.001	0.002	0.002
-2.40	-2.30	45.0	50.0		0.964	0.001	0.001	0.002	0.002
-2.40	-2.30	50.0	60.0		0.966	0.002	0.002	0.002	0.002
-2.40	-2.30	60.0	100.0		0.968	0.004	0.003	0.005	0.005
-2.40	-2.30	100.0	200.0		0.988	0.008	0.005	0.014	0.014
-2.30	-2.20	0.0	20.0		0.002	0.001	0.001	0.000	0.000
-2.30	-2.20	20.0	23.0		0.156	0.006	0.006	0.009	0.009
-2.30	-2.20	23.0	24.0		0.638	0.013	0.012	0.014	0.014
-2.30	-2.20	24.0	25.0		0.806	0.010	0.010	0.017	0.017
-2.30	-2.20	25.0	26.0		0.882	0.008	0.007	0.015	0.015
-2.30	-2.20	26.0	30.0		0.911	0.003	0.003	0.000	0.000
-2.30	-2.20	30.0	35.0		0.917	0.002	0.002	0.000	0.000
-2.30	-2.20	35.0	40.0		0.921	0.002	0.002	0.000	0.000
-2.30	-2.20	40.0	45.0		0.922	0.001	0.001	0.005	0.005
-2.30	-2.20	45.0	50.0		0.923	0.002	0.002	0.004	0.004
-2.30	-2.20	50.0	60.0		0.925	0.003	0.003	0.009	0.009
-2.30	-2.20	60.0	100.0		0.939	0.005	0.005	0.000	0.000
-2.30	-2.20	100.0	200.0		0.944	0.013	0.011	0.024	0.024
-2.20	-2.10	0.0	20.0		0.006	0.001	0.001	0.005	0.005
-2.20	-2.10	20.0	23.0		0.183	0.006	0.006	0.007	0.007
-2.20	-2.10	23.0	24.0		0.654	0.013	0.012	0.022	0.022
-2.20	-2.10	24.0	25.0		0.830	0.009	0.009	0.026	0.026
-2.20	-2.10	25.0	26.0		0.891	0.008	0.007	0.000	0.000
-2.20	-2.10	26.0	30.0		0.910	0.003	0.003	0.007	0.007
-2.20	-2.10	30.0	35.0		0.927	0.002	0.002	0.000	0.000
-2.20	-2.10	35.0	40.0		0.933	0.001	0.001	0.004	0.004
-2.20	-2.10	40.0	45.0		0.936	0.001	0.001	0.002	0.002
-2.20	-2.10	45.0	50.0		0.943	0.002	0.001	0.006	0.006
-2.20	-2.10	50.0	60.0		0.939	0.002	0.002	0.011	0.011
-2.20	-2.10	60.0	100.0		0.955	0.004	0.004	0.009	0.009
-2.20	-2.10	100.0	200.0		0.976	0.008	0.006	0.017	0.017
-2.10	-1.57	0.0	20.0		0.008	0.000	0.000	0.004	0.004
-2.10	-1.57	20.0	23.0		0.169	0.002	0.002	0.002	0.002
-2.10	-1.57	23.0	24.0		0.606	0.005	0.005	0.016	0.016
-2.10	-1.57	24.0	25.0		0.784	0.004	0.004	0.004	0.004
-2.10	-1.57	25.0	26.0		0.877	0.003	0.003	0.003	0.003
-2.10	-1.57	26.0	30.0		0.924	0.001	0.001	0.001	0.001
-2.10	-1.57	30.0	35.0		0.939	0.001	0.001	0.001	0.001
-2.10	-1.57	35.0	40.0		0.949	0.000	0.000	0.000	0.000
-2.10	-1.57	40.0	45.0		0.957	0.000	0.000	0.001	0.001
-2.10	-1.57	45.0	50.0		0.964	0.000	0.000	0.001	0.001
-2.10	-1.57	50.0	60.0		0.963	0.001	0.001	0.002	0.002
-2.10	-1.57	60.0	100.0		0.968	0.001	0.001	0.002	0.002
-2.10	-1.57	100.0	200.0		0.978	0.002	0.002	0.003	0.003
-1.57	-1.44	0.0	20.0		0.021	0.002	0.002	0.008	0.008
-1.57	-1.44	20.0	23.0		0.187	0.006	0.006	0.019	0.019
-1.57	-1.44	23.0	24.0		0.511	0.012	0.012	0.013	0.013
-1.57	-1.44	24.0	25.0		0.723	0.010	0.010	0.035	0.035
-1.57	-1.44	25.0	26.0		0.790	0.009	0.009	0.010	0.010
-1.57	-1.44	26.0	30.0		0.848	0.003	0.003	0.000	0.000
-1.57	-1.44	30.0	35.0		0.887	0.002	0.002	0.004	0.004
-1.57	-1.44	35.0	40.0		0.916	0.001	0.001	0.002	0.002
-1.57	-1.44	40.0	45.0		0.926	0.001	0.001	0.002	0.002
-1.57	-1.44	45.0	50.0		0.931	0.001	0.001	0.004	0.004
-1.57	-1.44	50.0	60.0		0.934	0.002	0.002	0.006	0.006
-1.57	-1.44	60.0	100.0		0.933	0.004	0.004	0.000	0.000
-1.57	-1.44	100.0	200.0		0.947	0.009	0.008	0.026	0.026
-1.44	-0.80	0.0	20.0		0.003	0.000	0.000	0.002	0.002
-1.44	-0.80	20.0	23.0		0.070	0.001	0.001	0.000	0.000
-1.44	-0.80	23.0	24.0		0.452	0.004	0.004	0.016	0.016
-1.44	-0.80	24.0	25.0		0.722	0.003	0.003	0.000	0.000
-1.44	-0.80	25.0	26.0		0.815	0.003	0.003	0.009	0.009
-1.44	-0.80	26.0	30.0		0.878	0.001	0.001	0.002	0.002
-1.44	-0.80	30.0	35.0		0.908	0.001	0.001	0.002	0.002
-1.44	-0.80	35.0	40.0		0.925	0.000	0.000	0.001	0.001
-1.44	-0.80	40.0	45.0		0.933	0.000	0.000	0.001	0.001
-1.44	-0.80	45.0	50.0		0.936	0.000	0.000	0.001	0.001
-1.44	-0.80	50.0	60.0		0.939	0.001	0.001	0.001	0.001
-1.44	-0.80	60.0	100.0		0.950	0.001	0.001	0.002	0.002
-1.44	-0.80	100.0	200.0		0.971	0.002	0.002	0.005	0.005
-0.80	-0.40	0.0	20.0		0.002	0.000	0.000	0.001	0.001
-0.80	-0.40	20.0	23.0		0.059	0.001	0.001	0.002	0.002
-0.80	-0.40	23.0	24.0		0.527	0.004	0.004	0.000	0.000
-0.80	-0.40	24.0	25.0		0.789	0.003	0.003	0.005	0.005
-0.80	-0.40	25.0	26.0		0.850	0.003	0.003	0.008	0.008
-0.80	-0.40	26.0	30.0		0.882	0.001	0.001	0.003	0.003
-0.80	-0.40	30.0	35.0		0.903	0.001	0.001	0.001	0.001
-0.80	-0.40	35.0	40.0		0.918	0.000	0.000	0.001	0.001
-0.80	-0.40	40.0	45.0		0.927	0.000	0.000	0.001	0.001
-0.80	-0.40	45.0	50.0		0.933	0.000	0.000	0.001	0.001
-0.80	-0.40	50.0	60.0		0.941	0.001	0.001	0.002	0.002
-0.80	-0.40	60.0	100.0		0.958	0.001	0.001	0.001	0.001
-0.80	-0.40	100.0	200.0		0.970	0.002	0.002	0.004	0.004
-0.40	0.00	0.0	20.0		0.001	0.000	0.000	0.001	0.001
-0.40	0.00	20.0	23.0		0.054	0.001	0.001	0.003	0.003
-0.40	0.00	23.0	24.0		0.525	0.004	0.004	0.000	0.000
-0.40	0.00	24.0	25.0		0.798	0.003	0.003	0.011	0.011
-0.40	0.00	25.0	26.0		0.849	0.003	0.003	0.008	0.008
-0.40	0.00	26.0	30.0		0.876	0.001	0.001	0.000	0.000
-0.40	0.00	30.0	35.0		0.899	0.001	0.001	0.001	0.001
-0.40	0.00	35.0	40.0		0.914	0.000	0.000	0.001	0.001
-0.40	0.00	40.0	45.0		0.923	0.000	0.000	0.001	0.001
-0.40	0.00	45.0	50.0		0.930	0.000	0.000	0.000	0.000
-0.40	0.00	50.0	60.0		0.938	0.001	0.001	0.002	0.002
-0.40	0.00	60.0	100.0		0.957	0.001	0.001	0.002	0.002
-0.40	0.00	100.0	200.0		0.970	0.002	0.002	0.000	0.000
0.00	0.40	0.0	20.0		0.002	0.000	0.000	0.001	0.001
0.00	0.40	20.0	23.0		0.053	0.001	0.001	0.002	0.002
0.00	0.40	23.0	24.0		0.560	0.004	0.004	0.014	0.014
0.00	0.40	24.0	25.0		0.812	0.003	0.003	0.005	0.005
0.00	0.40	25.0	26.0		0.856	0.003	0.003	0.008	0.008
0.00	0.40	26.0	30.0		0.878	0.001	0.001	0.003	0.003
0.00	0.40	30.0	35.0		0.903	0.001	0.001	0.002	0.002
0.00	0.40	35.0	40.0		0.915	0.000	0.000	0.001	0.001
0.00	0.40	40.0	45.0		0.925	0.000	0.000	0.000	0.000
0.00	0.40	45.0	50.0		0.931	0.000	0.000	0.002	0.002
0.00	0.40	50.0	60.0		0.941	0.001	0.001	0.002	0.002
0.00	0.40	60.0	100.0		0.959	0.001	0.001	0.000	0.000
0.00	0.40	100.0	200.0		0.974	0.002	0.002	0.000	0.000
0.40	0.80	0.0	20.0		0.001	0.000	0.000	0.000	0.000
0.40	0.80	20.0	23.0		0.063	0.001	0.001	0.003	0.003
0.40	0.80	23.0	24.0		0.537	0.004	0.004	0.009	0.009
0.40	0.80	24.0	25.0		0.794	0.003	0.003	0.005	0.005
0.40	0.80	25.0	26.0		0.854	0.003	0.003	0.003	0.003
0.40	0.80	26.0	30.0		0.877	0.001	0.001	0.003	0.003
0.40	0.80	30.0	35.0		0.900	0.001	0.001	0.001	0.001
0.40	0.80	35.0	40.0		0.915	0.000	0.000	0.001	0.001
0.40	0.80	40.0	45.0		0.923	0.000	0.000	0.000	0.000
0.40	0.80	45.0	50.0		0.929	0.000	0.000	0.001	0.001
0.40	0.80	50.0	60.0		0.938	0.001	0.001	0.001	0.001
0.40	0.80	60.0	100.0		0.956	0.001	0.001	0.001	0.001
0.40	0.80	100.0	200.0		0.977	0.002	0.002	0.000	0.000
0.80	1.44	0.0	20.0		0.003	0.000	0.000	0.001	0.001
0.80	1.44	20.0	23.0		0.082	0.001	0.001	0.003	0.003
0.80	1.44	23.0	24.0		0.487	0.004	0.004	0.007	0.007
0.80	1.44	24.0	25.0		0.744	0.003	0.003	0.008	0.008
0.80	1.44	25.0	26.0		0.834	0.003	0.003	0.003	0.003
0.80	1.44	26.0	30.0		0.883	0.001	0.001	0.002	0.002
0.80	1.44	30.0	35.0		0.914	0.001	0.001	0.001	0.001
0.80	1.44	35.0	40.0		0.931	0.000	0.000	0.001	0.001
0.80	1.44	40.0	45.0		0.940	0.000	0.000	0.001	0.001
0.80	1.44	45.0	50.0		0.943	0.000	0.000	0.001	0.001
0.80	1.44	50.0	60.0		0.946	0.001	0.001	0.003	0.003
0.80	1.44	60.0	100.0		0.959	0.001	0.001	0.003	0.003
0.80	1.44	100.0	200.0		0.981	0.002	0.001	0.002	0.002
1.44	1.57	0.0	20.0		0.013	0.001	0.001	0.008	0.008
1.44	1.57	20.0	23.0		0.169	0.005	0.006	0.018	0.018
1.44	1.57	23.0	24.0		0.525	0.012	0.012	0.023	0.023
1.44	1.57	24.0	25.0		0.691	0.010	0.010	0.000	0.000
1.44	1.57	25.0	26.0		0.769	0.009	0.009	0.027	0.027
1.44	1.57	26.0	30.0		0.838	0.003	0.003	0.005	0.005
1.44	1.57	30.0	35.0		0.888	0.002	0.002	0.000	0.000
1.44	1.57	35.0	40.0		0.914	0.001	0.001	0.001	0.001
1.44	1.57	40.0	45.0		0.926	0.001	0.001	0.000	0.000
1.44	1.57	45.0	50.0		0.932	0.001	0.001	0.002	0.002
1.44	1.57	50.0	60.0		0.933	0.002	0.002	0.003	0.003
1.44	1.57	60.0	100.0		0.937	0.004	0.004	0.005	0.005
1.44	1.57	100.0	200.0		0.968	0.007	0.006	0.008	0.008
1.57	2.10	0.0	20.0		0.009	0.000	0.000	0.005	0.005
1.57	2.10	20.0	23.0		0.161	0.002	0.002	0.006	0.006
1.57	2.10	23.0	24.0		0.581	0.005	0.005	0.016	0.016
1.57	2.10	24.0	25.0		0.767	0.004	0.004	0.012	0.012
1.57	2.10	25.0	26.0		0.861	0.003	0.003	0.007	0.007
1.57	2.10	26.0	30.0		0.919	0.001	0.001	0.003	0.003
1.57	2.10	30.0	35.0		0.942	0.001	0.001	0.001	0.001
1.57	2.10	35.0	40.0		0.952	0.000	0.000	0.001	0.001
1.57	2.10	40.0	45.0		0.962	0.000	0.000	0.000	0.000
1.57	2.10	45.0	50.0		0.968	0.000	0.000	0.001	0.001
1.57	2.10	50.0	60.0		0.967	0.001	0.001	0.001	0.001
1.57	2.10	60.0	100.0		0.974	0.001	0.001	0.001	0.001
1.57	2.10	100.0	200.0		0.986	0.002	0.002	0.000	0.000
2.10	2.20	0.0	20.0		0.013	0.001	0.001	0.006	0.006
2.10	2.20	20.0	23.0		0.218	0.006	0.007	0.011	0.011
2.10	2.20	23.0	24.0		0.709	0.011	0.011	0.017	0.017
2.10	2.20	24.0	25.0		0.859	0.008	0.008	0.011	0.011
2.10	2.20	25.0	26.0		0.894	0.007	0.006	0.014	0.014
2.10	2.20	26.0	30.0		0.931	0.002	0.002	0.004	0.004
2.10	2.20	30.0	35.0		0.946	0.001	0.001	0.000	0.000
2.10	2.20	35.0	40.0		0.951	0.001	0.001	0.001	0.001
2.10	2.20	40.0	45.0		0.954	0.001	0.001	0.000	0.000
2.10	2.20	45.0	50.0		0.958	0.001	0.001	0.000	0.000
2.10	2.20	50.0	60.0		0.959	0.002	0.002	0.008	0.008
2.10	2.20	60.0	100.0		0.973	0.003	0.003	0.003	0.003
2.10	2.20	100.0	200.0		0.979	0.008	0.006	0.000	0.000
2.20	2.30	0.0	20.0		0.010	0.001	0.001	0.006	0.006
2.20	2.30	20.0	23.0		0.205	0.007	0.007	0.013	0.013
2.20	2.30	23.0	24.0		0.681	0.012	0.012	0.019	0.019
2.20	2.30	24.0	25.0		0.856	0.009	0.008	0.020	0.020
2.20	2.30	25.0	26.0		0.914	0.007	0.006	0.008	0.008
2.20	2.30	26.0	30.0		0.940	0.002	0.002	0.006	0.006
2.20	2.30	30.0	35.0		0.954	0.001	0.001	0.000	0.000
2.20	2.30	35.0	40.0		0.957	0.001	0.001	0.002	0.002
2.20	2.30	40.0	45.0		0.961	0.001	0.001	0.003	0.003
2.20	2.30	45.0	50.0		0.970	0.001	0.001	0.002	0.002
2.20	2.30	50.0	60.0		0.971	0.002	0.002	0.000	0.000
2.20	2.30	60.0	100.0		0.978	0.003	0.003	0.000	0.000
2.20	2.30	100.0	200.0		0.976	0.009	0.007	0.010	0.010
2.30	2.40	0.0	20.0		0.004	0.001	0.001	0.002	0.002
2.30	2.40	20.0	23.0		0.157	0.006	0.007	0.023	0.023
2.30	2.40	23.0	24.0		0.613	0.014	0.013	0.024	0.024
2.30	2.40	24.0	25.0		0.835	0.010	0.010	0.018	0.018
2.30	2.40	25.0	26.0		0.917	0.007	0.007	0.008	0.008
2.30	2.40	26.0	30.0		0.950	0.002	0.002	0.003	0.003
2.30	2.40	30.0	35.0		0.963	0.001	0.001	0.005	0.005
2.30	2.40	35.0	40.0		0.965	0.001	0.001	0.002	0.002
2.30	2.40	40.0	45.0		0.967	0.001	0.001	0.002	0.002
2.30	2.40	45.0	50.0		0.970	0.001	0.001	0.001	0.001
2.30	2.40	50.0	60.0		0.970	0.002	0.002	0.004	0.004
2.30	2.40	60.0	100.0		0.978	0.003	0.003	0.000	0.000
2.30	2.40	100.0	200.0		0.981	0.009	0.006	0.000	0.000
2.40	2.50	0.0	20.0		0.008	0.001	0.002	0.004	0.004
2.40	2.50	20.0	23.0		0.103	0.006	0.006	0.007	0.007
2.40	2.50	23.0	24.0		0.457	0.015	0.015	0.032	0.032
2.40	2.50	24.0	25.0		0.645	0.013	0.013	0.016	0.016
2.40	2.50	25.0	26.0		0.742	0.012	0.011	0.000	0.000
2.40	2.50	26.0	30.0		0.791	0.005	0.005	0.010	0.010
2.40	2.50	30.0	35.0		0.797	0.003	0.003	0.006	0.006
2.40	2.50	35.0	40.0		0.812	0.003	0.003	0.000	0.000
2.40	2.50	40.0	45.0		0.810	0.003	0.003	0.000	0.000
2.40	2.50	45.0	50.0		0.815	0.003	0.003	0.007	0.007
2.40	2.50	50.0	60.0		0.822	0.004	0.004	0.000	0.000
2.40	2.50	60.0	100.0		0.821	0.008	0.007	0.011	0.011
2.40	2.50	100.0	200.0		0.885	0.019	0.017	0.000	0.000
