-2.50	-2.40	5.0	15.0		0.000	0.000	0.001	0.000	0.000
-2.50	-2.40	15.0	25.0		0.001	0.000	0.000	0.001	0.001
-2.50	-2.40	25.0	28.0		0.003	0.001	0.001	0.000	0.000
-2.50	-2.40	28.0	29.5		0.048	0.004	0.004	0.000	0.000
-2.50	-2.40	29.5	30.5		0.139	0.007	0.008	0.020	0.020
-2.50	-2.40	30.5	31.5		0.212	0.008	0.008	0.025	0.025
-2.50	-2.40	31.5	32.5		0.315	0.009	0.009	0.000	0.000
-2.50	-2.40	32.5	33.5		0.386	0.009	0.009	0.000	0.000
-2.50	-2.40	33.5	34.5		0.419	0.009	0.009	0.018	0.018
-2.50	-2.40	34.5	36.0		0.498	0.007	0.007	0.011	0.011
-2.50	-2.40	36.0	39.0		0.553	0.004	0.004	0.000	0.000
-2.50	-2.40	39.0	42.5		0.600	0.004	0.004	0.000	0.000
-2.50	-2.40	42.5	47.5		0.635	0.003	0.003	0.007	0.007
-2.50	-2.40	47.5	55.0		0.650	0.004	0.004	0.008	0.008
-2.50	-2.40	55.0	80.0		0.698	0.007	0.007	0.000	0.000
-2.50	-2.40	80.0	150.0		0.809	0.015	0.014	0.000	0.000
-2.50	-2.40	150.0	500.0		0.792	0.050	0.043	0.081	0.081
-2.40	-2.30	5.0	15.0		0.000	0.000	0.001	0.000	0.000
-2.40	-2.30	15.0	25.0		0.000	0.000	0.000	0.000	0.000
-2.40	-2.30	25.0	28.0		0.003	0.001	0.001	0.001	0.001
-2.40	-2.30	28.0	29.5		0.051	0.004	0.004	0.010	0.010
-2.40	-2.30	29.5	30.5		0.195	0.008	0.008	0.020	0.020
-2.40	-2.30	30.5	31.5		0.309	0.008	0.009	0.000	0.000
-2.40	-2.30	31.5	32.5		0.439	0.009	0.009	0.025	0.025
-2.40	-2.30	32.5	33.5		0.507	0.008	0.008	0.011	0.011
-2.40	-2.30	33.5	34.5		0.590	0.008	0.008	0.018	0.018
-2.40	-2.30	34.5	36.0		0.648	0.006	0.006	0.017	0.017
-2.40	-2.30	36.0	39.0		0.701	0.004	0.004	0.007	0.007
-2.40	-2.30	39.0	42.5		0.750	0.003	0.003	0.005	0.005
-2.40	-2.30	42.5	47.5		0.786	0.003	0.002	0.007	0.007
-2.40	-2.30	47.5	55.0		0.801	0.003	0.003	0.004	0.004
-2.40	-2.30	55.0	80.0		0.826	0.006	0.006	0.015	0.015
-2.40	-2.30	80.0	150.0		0.865	0.013	0.012	0.023	0.023
-2.40	-2.30	150.0	500.0		0.897	0.036	0.028	0.042	0.042
-2.30	-2.20	5.0	15.0		0.000	0.000	0.001	0.000	0.000
-2.30	-2.20	15.0	25.0		0.000	0.000	0.000	0.000	0.000
-2.30	-2.20	25.0	28.0		0.004	0.001	0.001	0.000	0.000
-2.30	-2.20	28.0	29.5		0.088	0.004	0.005	0.000	0.000
-2.30	-2.20	29.5	30.5		0.275	0.008	0.008	0.015	0.015
-2.30	-2.20	30.5	31.5		0.433	0.008	0.009	0.012	0.012
-2.30	-2.20	31.5	32.5		0.519	0.008	0.008	0.010	0.010
-2.30	-2.20	32.5	33.5		0.606	0.008	0.008	0.017	0.017
-2.30	-2.20	33.5	34.5		0.655	0.007	0.007	0.018	0.018
-2.30	-2.20	34.5	36.0		0.691	0.005	0.005	0.007	0.007
-2.30	-2.20	36.0	39.0		0.734	0.003	0.003	0.000	0.000
-2.30	-2.20	39.0	42.5		0.761	0.003	0.003	0.007	0.007
-2.30	-2.20	42.5	47.5		0.779	0.002	0.002	0.000	0.000
-2.30	-2.20	47.5	55.0		0.788	0.004	0.004	0.013	0.013
-2.30	-2.20	55.0	80.0		0.821	0.006	0.006	0.000	0.000
-2.30	-2.20	80.0	150.0		0.834	0.013	0.012	0.038	0.038
-2.30	-2.20	150.0	500.0		0.853	0.038	0.032	0.000	0.000
-2.20	-2.10	5.0	15.0		0.000	0.000	0.001	0.000	0.000
-2.20	-2.10	15.0	25.0		0.004	0.001	0.001	0.003	0.003
-2.20	-2.10	25.0	28.0		0.008	0.001	0.001	0.001	0.001
-2.20	-2.10	28.0	29.5		0.079	0.004	0.004	0.009	0.009
-2.20	-2.10	29.5	30.5		0.248	0.007	0.007	0.000	0.000
-2.20	-2.10	30.5	31.5		0.435	0.008	0.008	0.035	0.035
-2.20	-2.10	31.5	32.5		0.529	0.008	0.008	0.000	0.000
-2.20	-2.10	32.5	33.5		0.617	0.007	0.007	0.015	0.015
-2.20	-2.10	33.5	34.5		0.658	0.007	0.007	0.000	0.000
-2.20	-2.10	34.5	36.0		0.692	0.005	0.005	0.006	0.006
-2.20	-2.10	36.0	39.0		0.743	0.003	0.003	0.005	0.005
-2.20	-2.10	39.0	42.5		0.773	0.002	0.002	0.000	0.000
-2.20	-2.10	42.5	47.5		0.798	0.002	0.002	0.003	0.003
-2.20	-2.10	47.5	55.0		0.811	0.003	0.003	0.009	0.009
-2.20	-2.10	55.0	80.0		0.831	0.005	0.005	0.011	0.011
-2.20	-2.10	80.0	150.0		0.862	0.011	0.010	0.000	0.000
-2.20	-2.10	150.0	500.0		0.875	0.031	0.026	0.000	0.000
-2.10	-1.57	5.0	15.0		0.000	0.000	0.000	0.000	0.000
-2.10	-1.57	15.0	25.0		0.002	0.000	0.000	0.001	0.001
-2.10	-1.57	25.0	28.0		0.006	0.000	0.000	0.000	0.000
-2.10	-1.57	28.0	29.5		0.065	0.001	0.001	0.002	0.002
-2.10	-1.57	29.5	30.5		0.231	0.003	0.003	0.004	0.004
-2.10	-1.57	30.5	31.5		0.404	0.003	0.003	0.007	0.007
-2.10	-1.57	31.5	32.5		0.522	0.003	0.003	0.005	0.005
-2.10	-1.57	32.5	33.5		0.599	0.003	0.003	0.007	0.007
-2.10	-1.57	33.5	34.5		0.657	0.002	0.002	0.005	0.005
-2.10	-1.57	34.5	36.0		0.714	0.002	0.002	0.004	0.004
-2.10	-1.57	36.0	39.0		0.772	0.001	0.001	0.001	0.001
-2.10	-1.57	39.0	42.5		0.816	0.001	0.001	0.001	0.001
-2.10	-1.57	42.5	47.5		0.839	0.001	0.001	0.002	0.002
-2.10	-1.57	47.5	55.0		0.852	0.001	0.001	0.004	0.004
-2.10	-1.57	55.0	80.0		0.864	0.002	0.002	0.000	0.000
-2.10	-1.57	80.0	150.0		0.899	0.003	0.003	0.009	0.009
-2.10	-1.57	150.0	500.0		0.924	0.008	0.007	0.000	0.000
-1.57	-1.44	5.0	15.0		0.000	0.000	0.001	0.000	0.000
-1.57	-1.44	15.0	25.0		0.008	0.001	0.001	0.004	0.004
-1.57	-1.44	25.0	28.0		0.021	0.002	0.002	0.004	0.004
-1.57	-1.44	28.0	29.5		0.072	0.004	0.004	0.004	0.004
-1.57	-1.44	29.5	30.5		0.198	0.007	0.007	0.024	0.024
-1.57	-1.44	30.5	31.5		0.349	0.007	0.007	0.000	0.000
-1.57	-1.44	31.5	32.5		0.476	0.007	0.007	0.010	0.010
-1.57	-1.44	32.5	33.5		0.545	0.007	0.007	0.008	0.008
-1.57	-1.44	33.5	34.5		0.612	0.006	0.006	0.000	0.000
-1.57	-1.44	34.5	36.0		0.656	0.005	0.005	0.007	0.007
-1.57	-1.44	36.0	39.0		0.731	0.003	0.003	0.010	0.010
-1.57	-1.44	39.0	42.5		0.777	0.002	0.002	0.000	0.000
-1.57	-1.44	42.5	47.5		0.800	0.002	0.002	0.005	0.005
-1.57	-1.44	47.5	55.0		0.814	0.003	0.003	0.005	0.005
-1.57	-1.44	55.0	80.0		0.836	0.004	0.004	0.012	0.012
-1.57	-1.44	80.0	150.0		0.864	0.009	0.009	0.000	0.000
-1.57	-1.44	150.0	500.0		0.851	0.029	0.026	0.037	0.037
-1.44	-0.80	5.0	15.0		0.000	0.000	0.000	0.000	0.000
-1.44	-0.80	15.0	25.0		0.000	0.000	0.000	0.000	0.000
-1.44	-0.80	25.0	28.0		0.003	0.000	0.000	0.000	0.000
-1.44	-0.80	28.0	29.5		0.022	0.001	0.001	0.000	0.000
-1.44	-0.80	29.5	30.5		0.153	0.002	0.002	0.002	0.002
-1.44	-0.80	30.5	31.5		0.399	0.002	0.002	0.005	0.005
-1.44	-0.80	31.5	32.5		0.570	0.002	0.002	0.005	0.005
-1.44	-0.80	32.5	33.5		0.647	0.002	0.002	0.002	0.002
-1.44	-0.80	33.5	34.5		0.702	0.002	0.002	0.006	0.006
-1.44	-0.80	34.5	36.0		0.750	0.001	0.001	0.003	0.003
-1.44	-0.80	36.0	39.0		0.800	0.001	0.001	0.002	0.002
-1.44	-0.80	39.0	42.5		0.829	0.001	0.001	0.001	0.001
-1.44	-0.80	42.5	47.5		0.845	0.000	0.000	0.000	0.000
-1.44	-0.80	47.5	55.0		0.861	0.001	0.001	0.003	0.003
-1.44	-0.80	55.0	80.0		0.883	0.001	0.001	0.002	0.002
-1.44	-0.80	80.0	150.0		0.918	0.002	0.002	0.009	0.009
-1.44	-0.80	150.0	500.0		0.925	0.005	0.005	0.007	0.007
-0.80	-0.40	5.0	15.0		0.000	0.000	0.000	0.000	0.000
-0.80	-0.40	15.0	25.0		0.001	0.000	0.000	0.000	0.000
-0.80	-0.40	25.0	28.0		0.002	0.000	0.000	0.000	0.000
-0.80	-0.40	28.0	29.5		0.015	0.001	0.001	0.002	0.002
-0.80	-0.40	29.5	30.5		0.159	0.002	0.002	0.000	0.000
-0.80	-0.40	30.5	31.5		0.448	0.003	0.003	0.000	0.000
-0.80	-0.40	31.5	32.5		0.612	0.003	0.003	0.005	0.005
-0.80	-0.40	32.5	33.5		0.675	0.002	0.002	0.003	0.003
-0.80	-0.40	33.5	34.5		0.720	0.002	0.002	0.003	0.003
-0.80	-0.40	34.5	36.0		0.752	0.002	0.002	0.003	0.003
-0.80	-0.40	36.0	39.0		0.800	0.001	0.001	0.002	0.002
-0.80	-0.40	39.0	42.5		0.824	0.001	0.001	0.001	0.001
-0.80	-0.40	42.5	47.5		0.840	0.001	0.001	0.001	0.001
-0.80	-0.40	47.5	55.0		0.859	0.001	0.001	0.003	0.003
-0.80	-0.40	55.0	80.0		0.887	0.001	0.001	0.002	0.002
-0.80	-0.40	80.0	150.0		0.925	0.002	0.002	0.009	0.009
-0.80	-0.40	150.0	500.0		0.936	0.006	0.005	0.008	0.008
-0.40	0.00	5.0	15.0		0.000	0.000	0.000	0.000	0.000
-0.40	0.00	15.0	25.0		0.000	0.000	0.000	0.000	0.000
-0.40	0.00	25.0	28.0		0.002	0.000	0.000	0.001	0.001
-0.40	0.00	28.0	29.5		0.012	0.001	0.001	0.001	0.001
-0.40	0.00	29.5	30.5		0.155	0.002	0.002	0.006	0.006
-0.40	0.00	30.5	31.5		0.480	0.003	0.003	0.003	0.003
-0.40	0.00	31.5	32.5		0.633	0.003	0.003	0.000	0.000
-0.40	0.00	32.5	33.5		0.681	0.002	0.002	0.000	0.000
-0.40	0.00	33.5	34.5		0.716	0.002	0.002	0.005	0.005
-0.40	0.00	34.5	36.0		0.753	0.002	0.002	0.000	0.000
-0.40	0.00	36.0	39.0		0.798	0.001	0.001	0.001	0.001
-0.40	0.00	39.0	42.5		0.822	0.001	0.001	0.000	0.000
-0.40	0.00	42.5	47.5		0.839	0.001	0.001	0.001	0.001
-0.40	0.00	47.5	55.0		0.861	0.001	0.001	0.002	0.002
-0.40	0.00	55.0	80.0		0.892	0.001	0.001	0.003	0.003
-0.40	0.00	80.0	150.0		0.931	0.002	0.002	0.002	0.002
-0.40	0.00	150.0	500.0		0.935	0.006	0.005	0.009	0.009
0.00	0.40	5.0	15.0		0.000	0.000	0.000	0.000	0.000
0.00	0.40	15.0	25.0		0.000	0.000	0.000	0.000	0.000
0.00	0.40	25.0	28.0		0.002	0.000	0.000	0.000	0.000
0.00	0.40	28.0	29.5		0.010	0.001	0.001	0.001	0.001
0.00	0.40	29.5	30.5		0.156	0.002	0.002	0.004	0.004
0.00	0.40	30.5	31.5		0.483	0.003	0.003	0.009	0.009
0.00	0.40	31.5	32.5		0.632	0.003	0.003	0.000	0.000
0.00	0.40	32.5	33.5		0.692	0.002	0.002	0.010	0.010
0.00	0.40	33.5	34.5		0.725	0.002	0.002	0.005	0.005
0.00	0.40	34.5	36.0		0.757	0.002	0.002	0.002	0.002
0.00	0.40	36.0	39.0		0.801	0.001	0.001	0.003	0.003
0.00	0.40	39.0	42.5		0.825	0.001	0.001	0.002	0.002
0.00	0.40	42.5	47.5		0.844	0.001	0.001	0.000	0.000
0.00	0.40	47.5	55.0		0.864	0.001	0.001	0.001	0.001
0.00	0.40	55.0	80.0		0.895	0.001	0.001	0.001	0.001
0.00	0.40	80.0	150.0		0.936	0.002	0.002	0.002	0.002
0.00	0.40	150.0	500.0		0.944	0.005	0.005	0.005	0.005
0.40	0.80	5.0	15.0		0.000	0.000	0.000	0.000	0.000
0.40	0.80	15.0	25.0		0.000	0.000	0.000	0.000	0.000
0.40	0.80	25.0	28.0		0.002	0.000	0.000	0.000	0.000
0.40	0.80	28.0	29.5		0.015	0.001	0.001	0.001	0.001
0.40	0.80	29.5	30.5		0.153	0.002	0.002	0.005	0.005
0.40	0.80	30.5	31.5		0.444	0.003	0.003	0.000	0.000
0.40	0.80	31.5	32.5		0.610	0.003	0.003	0.005	0.005
0.40	0.80	32.5	33.5		0.676	0.002	0.002	0.004	0.004
0.40	0.80	33.5	34.5		0.714	0.002	0.002	0.004	0.004
0.40	0.80	34.5	36.0		0.751	0.002	0.002	0.004	0.004
0.40	0.80	36.0	39.0		0.800	0.001	0.001	0.002	0.002
0.40	0.80	39.0	42.5		0.822	0.001	0.001	0.001	0.001
0.40	0.80	42.5	47.5		0.838	0.001	0.001	0.000	0.000
0.40	0.80	47.5	55.0		0.858	0.001	0.001	0.003	0.003
0.40	0.80	55.0	80.0		0.887	0.001	0.001	0.006	0.006
0.40	0.80	80.0	150.0		0.933	0.002	0.002	0.006	0.006
0.40	0.80	150.0	500.0		0.948	0.005	0.005	0.005	0.005
0.80	1.44	5.0	15.0		0.000	0.000	0.000	0.000	0.000
0.80	1.44	15.0	25.0		0.000	0.000	0.000	0.000	0.000
0.80	1.44	25.0	28.0		0.003	0.000	0.000	0.000	0.000
0.80	1.44	28.0	29.5		0.025	0.001	0.001	0.001	0.001
0.80	1.44	29.5	30.5		0.167	0.002	0.002	0.004	0.004
0.80	1.44	30.5	31.5		0.409	0.002	0.002	0.005	0.005
0.80	1.44	31.5	32.5		0.579	0.002	0.002	0.002	0.002
0.80	1.44	32.5	33.5		0.657	0.002	0.002	0.003	0.003
0.80	1.44	33.5	34.5		0.713	0.002	0.002	0.004	0.004
0.80	1.44	34.5	36.0		0.759	0.001	0.001	0.003	0.003
0.80	1.44	36.0	39.0		0.808	0.001	0.001	0.002	0.002
0.80	1.44	39.0	42.5		0.839	0.001	0.001	0.001	0.001
0.80	1.44	42.5	47.5		0.856	0.000	0.000	0.001	0.001
0.80	1.44	47.5	55.0		0.870	0.001	0.001	0.002	0.002
0.80	1.44	55.0	80.0		0.895	0.001	0.001	0.002	0.002
0.80	1.44	80.0	150.0		0.934	0.002	0.002	0.003	0.003
0.80	1.44	150.0	500.0		0.955	0.004	0.004	0.012	0.012
1.44	1.57	5.0	15.0		0.001	0.000	0.001	0.000	0.000
1.44	1.57	15.0	25.0		0.003	0.000	0.001	0.002	0.002
1.44	1.57	25.0	28.0		0.013	0.001	0.001	0.003	0.003
1.44	1.57	28.0	29.5		0.064	0.003	0.004	0.004	0.004
1.44	1.57	29.5	30.5		0.173	0.006	0.006	0.007	0.007
1.44	1.57	30.5	31.5		0.334	0.007	0.007	0.014	0.014
1.44	1.57	31.5	32.5		0.471	0.007	0.007	0.023	0.023
1.44	1.57	32.5	33.5		0.544	0.007	0.007	0.007	0.007
1.44	1.57	33.5	34.5		0.590	0.006	0.006	0.010	0.010
1.44	1.57	34.5	36.0		0.665	0.005	0.005	0.020	0.020
1.44	1.57	36.0	39.0		0.733	0.003	0.003	0.003	0.003
1.44	1.57	39.0	42.5		0.778	0.002	0.002	0.003	0.003
1.44	1.57	42.5	47.5		0.807	0.002	0.002	0.003	0.003
1.44	1.57	47.5	55.0		0.822	0.002	0.002	0.003	0.003
1.44	1.57	55.0	80.0		0.841	0.004	0.004	0.004	0.004
1.44	1.57	80.0	150.0		0.868	0.009	0.009	0.000	0.000
1.44	1.57	150.0	500.0		0.899	0.023	0.019	0.048	0.048
1.57	2.10	5.0	15.0		0.000	0.000	0.000	0.000	0.000
1.57	2.10	15.0	25.0		0.002	0.000	0.000	0.001	0.001
1.57	2.10	25.0	28.0		0.006	0.000	0.000	0.001	0.001
1.57	2.10	28.0	29.5		0.059	0.001	0.001	0.003	0.003
1.57	2.10	29.5	30.5		0.224	0.003	0.003	0.005	0.005
1.57	2.10	30.5	31.5		0.394	0.003	0.003	0.005	0.005
1.57	2.10	31.5	32.5		0.516	0.003	0.003	0.008	0.008
1.57	2.10	32.5	33.5		0.598	0.003	0.003	0.000	0.000
1.57	2.10	33.5	34.5		0.654	0.002	0.002	0.003	0.003
1.57	2.10	34.5	36.0		0.711	0.002	0.002	0.002	0.002
1.57	2.10	36.0	39.0		0.772	0.001	0.001	0.002	0.002
1.57	2.10	39.0	42.5		0.821	0.001	0.001	0.000	0.000
1.57	2.10	42.5	47.5		0.849	0.001	0.001	0.001	0.001
1.57	2.10	47.5	55.0		0.860	0.001	0.001	0.003	0.003
1.57	2.10	55.0	80.0		0.870	0.002	0.002	0.004	0.004
1.57	2.10	80.0	150.0		0.909	0.003	0.003	0.000	0.000
1.57	2.10	150.0	500.0		0.938	0.007	0.006	0.000	0.000
2.10	2.20	5.0	15.0		0.000	0.000	0.001	0.000	0.000
2.10	2.20	15.0	25.0		0.013	0.001	0.001	0.008	0.008
2.10	2.20	25.0	28.0		0.018	0.002	0.002	0.005	0.005
2.10	2.20	28.0	29.5		0.080	0.004	0.004	0.005	0.005
2.10	2.20	29.5	30.5		0.266	0.007	0.008	0.000	0.000
2.10	2.20	30.5	31.5		0.443	0.008	0.008	0.000	0.000
2.10	2.20	31.5	32.5		0.543	0.007	0.007	0.010	0.010
2.10	2.20	32.5	33.5		0.627	0.007	0.007	0.018	0.018
2.10	2.20	33.5	34.5		0.687	0.006	0.006	0.014	0.014
2.10	2.20	34.5	36.0		0.722	0.005	0.005	0.000	0.000
2.10	2.20	36.0	39.0		0.761	0.003	0.003	0.000	0.000
2.10	2.20	39.0	42.5		0.795	0.002	0.002	0.004	0.004
2.10	2.20	42.5	47.5		0.813	0.002	0.002	0.006	0.006
2.10	2.20	47.5	55.0		0.826	0.003	0.003	0.006	0.006
2.10	2.20	55.0	80.0		0.841	0.005	0.005	0.027	0.027
2.10	2.20	80.0	150.0		0.891	0.010	0.009	0.000	0.000
2.10	2.20	150.0	500.0		0.925	0.027	0.021	0.035	0.035
2.20	2.30	5.0	15.0		0.000	0.000	0.001	0.000	0.000
2.20	2.30	15.0	25.0		0.010	0.001	0.001	0.008	0.008
2.20	2.30	25.0	28.0		0.014	0.001	0.002	0.004	0.004
2.20	2.30	28.0	29.5		0.097	0.005	0.005	0.000	0.000
2.20	2.30	29.5	30.5		0.281	0.008	0.008	0.000	0.000
2.20	2.30	30.5	31.5		0.425	0.008	0.008	0.000	0.000
2.20	2.30	31.5	32.5		0.535	0.008	0.008	0.027	0.027
2.20	2.30	32.5	33.5		0.618	0.007	0.007	0.000	0.000
2.20	2.30	33.5	34.5		0.663	0.007	0.007	0.000	0.000
2.20	2.30	34.5	36.0		0.718	0.005	0.005	0.010	0.010
2.20	2.30	36.0	39.0		0.763	0.003	0.003	0.005	0.005
2.20	2.30	39.0	42.5		0.808	0.002	0.002	0.006	0.006
2.20	2.30	42.5	47.5		0.825	0.002	0.002	0.000	0.000
2.20	2.30	47.5	55.0		0.835	0.003	0.003	0.006	0.006
2.20	2.30	55.0	80.0		0.862	0.005	0.005	0.011	0.011
2.20	2.30	80.0	150.0		0.875	0.011	0.010	0.000	0.000
2.20	2.30	150.0	500.0		0.861	0.039	0.032	0.047	0.047
2.30	2.40	5.0	15.0		0.000	0.000	0.001	0.000	0.000
2.30	2.40	15.0	25.0		0.000	0.000	0.000	0.001	0.001
2.30	2.40	25.0	28.0		0.004	0.001	0.001	0.001	0.001
2.30	2.40	28.0	29.5		0.066	0.004	0.004	0.014	0.014
2.30	2.40	29.5	30.5		0.213	0.008	0.008	0.015	0.015
2.30	2.40	30.5	31.5		0.324	0.009	0.009	0.014	0.014
2.30	2.40	31.5	32.5		0.435	0.009	0.009	0.000	0.000
2.30	2.40	32.5	33.5		0.534	0.008	0.008	0.015	0.015
2.30	2.40	33.5	34.5		0.595	0.008	0.008	0.008	0.008
2.30	2.40	34.5	36.0		0.654	0.006	0.006	0.007	0.007
2.30	2.40	36.0	39.0		0.713	0.003	0.003	0.000	0.000
2.30	2.40	39.0	42.5		0.770	0.003	0.003	0.004	0.004
2.30	2.40	42.5	47.5		0.793	0.002	0.002	0.000	0.000
2.30	2.40	47.5	55.0		0.811	0.003	0.003	0.000	0.000
2.30	2.40	55.0	80.0		0.830	0.006	0.005	0.011	0.011
2.30	2.40	80.0	150.0		0.882	0.012	0.011	0.028	0.028
2.30	2.40	150.0	500.0		0.874	0.042	0.033	0.047	0.047
2.40	2.50	5.0	15.0		0.000	0.000	0.001	0.000	0.000
2.40	2.50	15.0	25.0		0.001	0.000	0.000	0.001	0.001
2.40	2.50	25.0	28.0		0.003	0.001	0.001	0.001	0.001
2.40	2.50	28.0	29.5		0.033	0.003	0.004	0.010	0.010
2.40	2.50	29.5	30.5		0.104	0.006	0.007	0.000	0.000
2.40	2.50	30.5	31.5		0.189	0.008	0.008	0.000	0.000
2.40	2.50	31.5	32.5		0.260	0.008	0.008	0.009	0.009
2.40	2.50	32.5	33.5		0.343	0.008	0.008	0.009	0.009
2.40	2.50	33.5	34.5		0.393	0.008	0.008	0.011	0.011
2.40	2.50	34.5	36.0		0.447	0.007	0.007	0.011	0.011
2.40	2.50	36.0	39.0		0.513	0.004	0.004	0.000	0.000
2.40	2.50	39.0	42.5		0.570	0.004	0.004	0.000	0.000
2.40	2.50	42.5	47.5		0.608	0.003	0.003	0.006	0.006
2.40	2.50	47.5	55.0		0.626	0.004	0.004	0.004	0.004
2.40	2.50	55.0	80.0		0.656	0.007	0.007	0.010	0.010
2.40	2.50	80.0	150.0		0.713	0.017	0.016	0.057	0.057
2.40	2.50	150.0	500.0		0.889	0.047	0.035	0.000	0.000
