-2.40	-2.10	5.0	15.0		0.000	0.000	0.002	0.000	0.000
-2.40	-2.10	15.0	21.5		0.002	0.001	0.002	0.000	0.000
-2.40	-2.10	21.5	24.0		0.033	0.006	0.007	0.008	0.008
-2.40	-2.10	24.0	25.5		0.691	0.017	0.017	0.038	0.038
-2.40	-2.10	25.5	26.5		0.772	0.019	0.018	0.069	0.069
-2.40	-2.10	26.5	27.5		0.775	0.017	0.016	0.025	0.025
-2.40	-2.10	27.5	28.5		0.786	0.016	0.016	0.053	0.053
-2.40	-2.10	28.5	29.5		0.818	0.014	0.013	0.057	0.057
-2.40	-2.10	29.5	32.5		0.827	0.007	0.007	0.012	0.012
-2.40	-2.10	32.5	37.5		0.849	0.004	0.004	0.000	0.000
-2.40	-2.10	37.5	42.5		0.862	0.004	0.004	0.000	0.000
-2.40	-2.10	42.5	47.5		0.879	0.004	0.004	0.000	0.000
-2.40	-2.10	47.5	55.0		0.884	0.005	0.005	0.007	0.007
-2.40	-2.10	55.0	80.0		0.881	0.007	0.007	0.007	0.007
-2.40	-2.10	80.0	150.0		0.896	0.020	0.017	0.000	0.000
-2.10	-1.60	5.0	15.0		0.000	0.000	0.001	0.000	0.000
-2.10	-1.60	15.0	21.5		0.000	0.000	0.001	0.000	0.000
-2.10	-1.60	21.5	24.0		0.022	0.003	0.004	0.000	0.000
-2.10	-1.60	24.0	25.5		0.825	0.011	0.010	0.014	0.014
-2.10	-1.60	25.5	26.5		0.865	0.011	0.011	0.000	0.000
-2.10	-1.60	26.5	27.5		0.887	0.009	0.009	0.000	0.000
-2.10	-1.60	27.5	28.5		0.907	0.008	0.008	0.021	0.021
-2.10	-1.60	28.5	29.5		0.901	0.008	0.008	0.014	0.014
-2.10	-1.60	29.5	32.5		0.908	0.004	0.004	0.006	0.006
-2.10	-1.60	32.5	37.5		0.913	0.002	0.002	0.003	0.003
-2.10	-1.60	37.5	42.5		0.920	0.002	0.002	0.002	0.002
-2.10	-1.60	42.5	47.5		0.924	0.002	0.002	0.000	0.000
-2.10	-1.60	47.5	55.0		0.929	0.002	0.002	0.003	0.003
-2.10	-1.60	55.0	80.0		0.929	0.004	0.003	0.006	0.006
-2.10	-1.60	80.0	150.0		0.929	0.010	0.009	0.020	0.020
-1.60	-1.20	5.0	15.0		0.001	0.001	0.003	0.000	0.000
-1.60	-1.20	15.0	21.5		0.004	0.001	0.002	0.005	0.005
-1.60	-1.20	21.5	24.0		0.033	0.005	0.006	0.000	0.000
-1.60	-1.20	24.0	25.5		0.807	0.013	0.013	0.020	0.020
-1.60	-1.20	25.5	26.5		0.838	0.014	0.013	0.037	0.037
-1.60	-1.20	26.5	27.5		0.864	0.012	0.012	0.000	0.000
-1.60	-1.20	27.5	28.5		0.861	0.012	0.011	0.025	0.025
-1.60	-1.20	28.5	29.5		0.872	0.011	0.010	0.027	0.027
-1.60	-1.20	29.5	32.5		0.889	0.005	0.005	0.000	0.000
-1.60	-1.20	32.5	37.5		0.910	0.003	0.003	0.004	0.004
-1.60	-1.20	37.5	42.5		0.926	0.002	0.002	0.002	0.002
-1.60	-1.20	42.5	47.5		0.932	0.002	0.002	0.004	0.004
-1.60	-1.20	47.5	55.0		0.944	0.002	0.002	0.007	0.007
-1.60	-1.20	55.0	80.0		0.947	0.003	0.003	0.000	0.000
-1.60	-1.20	80.0	150.0		0.957	0.009	0.008	0.000	0.000
-1.20	-0.80	5.0	15.0		0.000	0.000	0.002	0.000	0.000
-1.20	-0.80	15.0	21.5		0.000	0.000	0.001	0.000	0.000
-1.20	-0.80	21.5	24.0		0.017	0.003	0.004	0.000	0.000
-1.20	-0.80	24.0	25.5		0.767	0.013	0.012	0.051	0.051
-1.20	-0.80	25.5	26.5		0.806	0.014	0.013	0.039	0.039
-1.20	-0.80	26.5	27.5		0.854	0.011	0.011	0.023	0.023
-1.20	-0.80	27.5	28.5		0.846	0.011	0.010	0.014	0.014
-1.20	-0.80	28.5	29.5		0.867	0.010	0.009	0.000	0.000
-1.20	-0.80	29.5	32.5		0.881	0.004	0.004	0.005	0.005
-1.20	-0.80	32.5	37.5		0.901	0.002	0.002	0.004	0.004
-1.20	-0.80	37.5	42.5		0.910	0.002	0.002	0.004	0.004
-1.20	-0.80	42.5	47.5		0.911	0.002	0.002	0.003	0.003
-1.20	-0.80	47.5	55.0		0.914	0.003	0.003	0.000	0.000
-1.20	-0.80	55.0	80.0		0.915	0.004	0.004	0.007	0.007
-1.20	-0.80	80.0	150.0		0.911	0.010	0.009	0.026	0.026
-0.80	-0.30	5.0	15.0		0.000	0.000	0.002	0.000	0.000
-0.80	-0.30	15.0	21.5		0.000	0.000	0.000	0.000	0.000
-0.80	-0.30	21.5	24.0		0.009	0.002	0.002	0.000	0.000
-0.80	-0.30	24.0	25.5		0.865	0.008	0.007	0.021	0.021
-0.80	-0.30	25.5	26.5		0.898	0.008	0.008	0.010	0.010
-0.80	-0.30	26.5	27.5		0.916	0.007	0.006	0.009	0.009
-0.80	-0.30	27.5	28.5		0.919	0.006	0.006	0.000	0.000
-0.80	-0.30	28.5	29.5		0.919	0.006	0.005	0.007	0.007
-0.80	-0.30	29.5	32.5		0.935	0.003	0.002	0.005	0.005
-0.80	-0.30	32.5	37.5		0.945	0.001	0.001	0.000	0.000
-0.80	-0.30	37.5	42.5		0.951	0.001	0.001	0.002	0.002
-0.80	-0.30	42.5	47.5		0.956	0.001	0.001	0.001	0.001
-0.80	-0.30	47.5	55.0		0.960	0.001	0.001	0.002	0.002
-0.80	-0.30	55.0	80.0		0.960	0.002	0.002	0.000	0.000
-0.80	-0.30	80.0	150.0		0.954	0.006	0.006	0.000	0.000
-0.30	-0.20	5.0	15.0		0.000	0.000	0.010	0.000	0.000
-0.30	-0.20	15.0	21.5		0.000	0.000	0.003	0.000	0.000
-0.30	-0.20	21.5	24.0		0.011	0.004	0.006	0.000	0.000
-0.30	-0.20	24.0	25.5		0.769	0.021	0.020	0.000	0.000
-0.30	-0.20	25.5	26.5		0.751	0.025	0.023	0.038	0.038
-0.30	-0.20	26.5	27.5		0.817	0.021	0.020	0.035	0.035
-0.30	-0.20	27.5	28.5		0.832	0.019	0.017	0.000	0.000
-0.30	-0.20	28.5	29.5		0.836	0.017	0.016	0.049	0.049
-0.30	-0.20	29.5	32.5		0.834	0.009	0.008	0.000	0.000
-0.30	-0.20	32.5	37.5		0.840	0.006	0.005	0.011	0.011
-0.30	-0.20	37.5	42.5		0.849	0.005	0.004	0.005	0.005
-0.30	-0.20	42.5	47.5		0.863	0.004	0.004	0.000	0.000
-0.30	-0.20	47.5	55.0		0.860	0.006	0.006	0.015	0.015
-0.30	-0.20	55.0	80.0		0.856	0.009	0.009	0.011	0.011
-0.30	-0.20	80.0	150.0		0.815	0.028	0.026	0.062	0.062
-0.20	0.20	5.0	15.0		0.000	0.000	0.002	0.000	0.000
-0.20	0.20	15.0	21.5		0.000	0.000	0.001	0.000	0.000
-0.20	0.20	21.5	24.0		0.009	0.002	0.002	0.000	0.000
-0.20	0.20	24.0	25.5		0.852	0.008	0.008	0.018	0.018
-0.20	0.20	25.5	26.5		0.866	0.009	0.009	0.035	0.035
-0.20	0.20	26.5	27.5		0.900	0.008	0.007	0.021	0.021
-0.20	0.20	27.5	28.5		0.898	0.007	0.007	0.009	0.009
-0.20	0.20	28.5	29.5		0.920	0.006	0.006	0.007	0.007
-0.20	0.20	29.5	32.5		0.927	0.003	0.003	0.005	0.005
-0.20	0.20	32.5	37.5		0.941	0.002	0.002	0.004	0.004
-0.20	0.20	37.5	42.5		0.945	0.001	0.001	0.002	0.002
-0.20	0.20	42.5	47.5		0.949	0.001	0.001	0.003	0.003
-0.20	0.20	47.5	55.0		0.948	0.002	0.002	0.004	0.004
-0.20	0.20	55.0	80.0		0.954	0.003	0.002	0.006	0.006
-0.20	0.20	80.0	150.0		0.949	0.007	0.007	0.000	0.000
0.20	0.30	5.0	15.0		0.000	0.000	0.010	0.000	0.000
0.20	0.30	15.0	21.5		0.000	0.000	0.003	0.000	0.000
0.20	0.30	21.5	24.0		0.010	0.004	0.006	0.000	0.000
0.20	0.30	24.0	25.5		0.792	0.022	0.020	0.037	0.037
0.20	0.30	25.5	26.5		0.805	0.023	0.021	0.000	0.000
0.20	0.30	26.5	27.5		0.824	0.020	0.019	0.059	0.059
0.20	0.30	27.5	28.5		0.826	0.019	0.018	0.000	0.000
0.20	0.30	28.5	29.5		0.818	0.019	0.017	0.000	0.000
0.20	0.30	29.5	32.5		0.835	0.009	0.009	0.016	0.016
0.20	0.30	32.5	37.5		0.865	0.005	0.005	0.010	0.010
0.20	0.30	37.5	42.5		0.865	0.004	0.004	0.009	0.009
0.20	0.30	42.5	47.5		0.867	0.005	0.004	0.009	0.009
0.20	0.30	47.5	55.0		0.875	0.006	0.006	0.000	0.000
0.20	0.30	55.0	80.0		0.878	0.009	0.008	0.014	0.014
0.20	0.30	80.0	150.0		0.881	0.024	0.021	0.000	0.000
0.30	0.80	5.0	15.0		0.000	0.000	0.002	0.000	0.000
0.30	0.80	15.0	21.5		0.000	0.000	0.001	0.000	0.000
0.30	0.80	21.5	24.0		0.008	0.002	0.002	0.000	0.000
0.30	0.80	24.0	25.5		0.863	0.008	0.008	0.027	0.027
0.30	0.80	25.5	26.5		0.903	0.008	0.007	0.000	0.000
0.30	0.80	26.5	27.5		0.921	0.007	0.006	0.014	0.014
0.30	0.80	27.5	28.5		0.921	0.006	0.006	0.012	0.012
0.30	0.80	28.5	29.5		0.936	0.005	0.005	0.006	0.006
0.30	0.80	29.5	32.5		0.942	0.002	0.002	0.007	0.007
0.30	0.80	32.5	37.5		0.946	0.001	0.001	0.004	0.004
0.30	0.80	37.5	42.5		0.955	0.001	0.001	0.000	0.000
0.30	0.80	42.5	47.5		0.960	0.001	0.001	0.004	0.004
0.30	0.80	47.5	55.0		0.960	0.001	0.001	0.002	0.002
0.30	0.80	55.0	80.0		0.960	0.002	0.002	0.003	0.003
0.30	0.80	80.0	150.0		0.962	0.006	0.005	0.000	0.000
0.80	1.20	5.0	15.0		0.000	0.000	0.002	0.000	0.000
0.80	1.20	15.0	21.5		0.001	0.000	0.001	0.000	0.000
0.80	1.20	21.5	24.0		0.013	0.003	0.004	0.004	0.004
0.80	1.20	24.0	25.5		0.811	0.013	0.012	0.028	0.028
0.80	1.20	25.5	26.5		0.836	0.013	0.013	0.019	0.019
0.80	1.20	26.5	27.5		0.871	0.011	0.011	0.015	0.015
0.80	1.20	27.5	28.5		0.885	0.010	0.009	0.000	0.000
0.80	1.20	28.5	29.5		0.893	0.009	0.008	0.009	0.009
0.80	1.20	29.5	32.5		0.889	0.004	0.004	0.009	0.009
0.80	1.20	32.5	37.5		0.913	0.002	0.002	0.003	0.003
0.80	1.20	37.5	42.5		0.922	0.002	0.002	0.003	0.003
0.80	1.20	42.5	47.5		0.924	0.002	0.002	0.003	0.003
0.80	1.20	47.5	55.0		0.928	0.002	0.002	0.005	0.005
0.80	1.20	55.0	80.0		0.935	0.003	0.003	0.003	0.003
0.80	1.20	80.0	150.0		0.932	0.009	0.008	0.000	0.000
1.20	1.60	5.0	15.0		0.000	0.000	0.002	0.000	0.000
1.20	1.60	15.0	21.5		0.010	0.002	0.003	0.006	0.006
1.20	1.60	21.5	24.0		0.038	0.005	0.006	0.014	0.014
1.20	1.60	24.0	25.5		0.830	0.013	0.012	0.022	0.022
1.20	1.60	25.5	26.5		0.891	0.012	0.011	0.033	0.033
1.20	1.60	26.5	27.5		0.869	0.012	0.011	0.000	0.000
1.20	1.60	27.5	28.5		0.907	0.010	0.009	0.000	0.000
1.20	1.60	28.5	29.5		0.914	0.009	0.008	0.009	0.009
1.20	1.60	29.5	32.5		0.914	0.004	0.004	0.010	0.010
1.20	1.60	32.5	37.5		0.930	0.003	0.002	0.000	0.000
1.20	1.60	37.5	42.5		0.943	0.002	0.002	0.003	0.003
1.20	1.60	42.5	47.5		0.954	0.002	0.002	0.002	0.002
1.20	1.60	47.5	55.0		0.954	0.002	0.002	0.004	0.004
1.20	1.60	55.0	80.0		0.965	0.003	0.003	0.010	0.010
1.20	1.60	80.0	150.0		0.967	0.008	0.007	0.014	0.014
1.60	2.10	5.0	15.0		0.000	0.000	0.001	0.000	0.000
1.60	2.10	15.0	21.5		0.001	0.000	0.001	0.000	0.000
1.60	2.10	21.5	24.0		0.020	0.003	0.004	0.006	0.006
1.60	2.10	24.0	25.5		0.792	0.011	0.011	0.021	0.021
1.60	2.10	25.5	26.5		0.816	0.012	0.012	0.013	0.013
1.60	2.10	26.5	27.5		0.828	0.011	0.011	0.016	0.016
1.60	2.10	27.5	28.5		0.838	0.010	0.010	0.011	0.011
1.60	2.10	28.5	29.5		0.854	0.009	0.009	0.000	0.000
1.60	2.10	29.5	32.5		0.854	0.005	0.005	0.000	0.000
1.60	2.10	32.5	37.5		0.863	0.003	0.003	0.000	0.000
1.60	2.10	37.5	42.5		0.873	0.002	0.002	0.005	0.005
1.60	2.10	42.5	47.5		0.873	0.002	0.002	0.008	0.008
1.60	2.10	47.5	55.0		0.873	0.003	0.003	0.006	0.006
1.60	2.10	55.0	80.0		0.883	0.005	0.004	0.005	0.005
1.60	2.10	80.0	150.0		0.883	0.013	0.012	0.000	0.000
2.10	2.40	5.0	15.0		0.000	0.000	0.002	0.000	0.000
2.10	2.40	15.0	21.5		0.000	0.000	0.001	0.000	0.000
2.10	2.40	21.5	24.0		0.029	0.005	0.006	0.010	0.010
2.10	2.40	24.0	25.5		0.642	0.017	0.017	0.047	0.047
2.10	2.40	25.5	26.5		0.696	0.019	0.019	0.035	0.035
2.10	2.40	26.5	27.5		0.677	0.019	0.019	0.022	0.022
2.10	2.40	27.5	28.5		0.693	0.018	0.017	0.020	0.020
2.10	2.40	28.5	29.5		0.712	0.016	0.016	0.036	0.036
2.10	2.40	29.5	32.5		0.761	0.008	0.008	0.036	0.036
2.10	2.40	32.5	37.5		0.788	0.005	0.005	0.013	0.013
2.10	2.40	37.5	42.5		0.806	0.004	0.004	0.000	0.000
2.10	2.40	42.5	47.5		0.823	0.004	0.004	0.000	0.000
2.10	2.40	47.5	55.0		0.825	0.006	0.006	0.007	0.007
2.10	2.40	55.0	80.0		0.815	0.009	0.008	0.028	0.028
2.10	2.40	80.0	150.0		0.819	0.026	0.024	0.000	0.000
