-2.40	-2.10	0.0	6.0		0.000	0.000	0.005	0.000	0.000
-2.40	-2.10	6.0	7.0		0.000	0.000	0.046	0.000	0.000
-2.40	-2.10	7.0	8.0		0.016	0.013	0.036	0.000	0.000
-2.40	-2.10	8.0	9.0		0.788	0.062	0.053	0.000	0.000
-2.40	-2.10	9.0	10.0		0.895	0.048	0.036	0.075	0.075
-2.40	-2.10	10.0	12.0		0.904	0.024	0.020	0.049	0.049
-2.40	-2.10	12.0	15.0		0.930	0.014	0.012	0.000	0.000
-2.40	-2.10	15.0	20.0		0.938	0.008	0.007	0.000	0.000
-2.40	-2.10	20.0	25.0		0.931	0.006	0.006	0.010	0.010
-2.40	-2.10	25.0	30.0		0.950	0.004	0.004	0.007	0.007
-2.40	-2.10	30.0	35.0		0.943	0.003	0.003	0.007	0.007
-2.40	-2.10	35.0	40.0		0.941	0.003	0.003	0.005	0.005
-2.40	-2.10	40.0	45.0		0.947	0.002	0.002	0.000	0.000
-2.40	-2.10	45.0	50.0		0.945	0.003	0.003	0.006	0.006
-2.40	-2.10	50.0	60.0		0.950	0.004	0.004	0.015	0.015
-2.40	-2.10	60.0	100.0		0.947	0.007	0.006	0.016	0.016
-2.40	-2.10	100.0	200.0		0.972	0.022	0.013	0.042	0.042
-2.10	-1.60	0.0	6.0		0.000	0.000	0.004	0.000	0.000
-2.10	-1.60	6.0	7.0		0.000	0.000	0.021	0.000	0.000
-2.10	-1.60	7.0	8.0		0.011	0.009	0.024	0.000	0.000
-2.10	-1.60	8.0	9.0		0.867	0.044	0.035	0.000	0.000
-2.10	-1.60	9.0	10.0		0.964	0.024	0.015	0.000	0.000
-2.10	-1.60	10.0	12.0		0.968	0.013	0.010	0.018	0.018
-2.10	-1.60	12.0	15.0		0.969	0.008	0.006	0.000	0.000
-2.10	-1.60	15.0	20.0		0.964	0.005	0.004	0.011	0.011
-2.10	-1.60	20.0	25.0		0.973	0.003	0.003	0.000	0.000
-2.10	-1.60	25.0	30.0		0.971	0.002	0.002	0.004	0.004
-2.10	-1.60	30.0	35.0		0.975	0.002	0.001	0.004	0.004
-2.10	-1.60	35.0	40.0		0.973	0.001	0.001	0.002	0.002
-2.10	-1.60	40.0	45.0		0.974	0.001	0.001	0.000	0.000
-2.10	-1.60	45.0	50.0		0.973	0.001	0.001	0.000	0.000
-2.10	-1.60	50.0	60.0		0.977	0.002	0.002	0.003	0.003
-2.10	-1.60	60.0	100.0		0.976	0.003	0.003	0.000	0.000
-2.10	-1.60	100.0	200.0		0.966	0.013	0.010	0.013	0.013
-1.60	-1.20	0.0	6.0		0.000	0.000	0.015	0.000	0.000
-1.60	-1.20	6.0	7.0		0.000	0.000	0.031	0.000	0.000
-1.60	-1.20	7.0	8.0		0.000	0.000	0.024	0.000	0.000
-1.60	-1.20	8.0	9.0		0.864	0.047	0.037	0.000	0.000
-1.60	-1.20	9.0	10.0		0.920	0.035	0.026	0.060	0.060
-1.60	-1.20	10.0	12.0		0.944	0.024	0.018	0.045	0.045
-1.60	-1.20	12.0	15.0		0.962	0.013	0.010	0.019	0.019
-1.60	-1.20	15.0	20.0		0.967	0.006	0.005	0.007	0.007
-1.60	-1.20	20.0	25.0		0.975	0.004	0.003	0.005	0.005
-1.60	-1.20	25.0	30.0		0.980	0.002	0.002	0.003	0.003
-1.60	-1.20	30.0	35.0		0.984	0.001	0.001	0.002	0.002
-1.60	-1.20	35.0	40.0		0.984	0.001	0.001	0.002	0.002
-1.60	-1.20	40.0	45.0		0.985	0.001	0.001	0.000	0.000
-1.60	-1.20	45.0	50.0		0.985	0.001	0.001	0.000	0.000
-1.60	-1.20	50.0	60.0		0.985	0.002	0.001	0.000	0.000
-1.60	-1.20	60.0	100.0		0.986	0.003	0.002	0.003	0.003
-1.60	-1.20	100.0	200.0		0.985	0.010	0.007	0.000	0.000
-1.20	-0.80	0.0	6.0		0.000	0.000	0.028	0.000	0.000
-1.20	-0.80	6.0	7.0		0.000	0.000	0.040	0.000	0.000
-1.20	-0.80	7.0	8.0		0.000	0.000	0.029	0.000	0.000
-1.20	-0.80	8.0	9.0		0.947	0.040	0.025	0.000	0.000
-1.20	-0.80	9.0	10.0		0.915	0.039	0.029	0.000	0.000
-1.20	-0.80	10.0	12.0		0.918	0.026	0.021	0.044	0.044
-1.20	-0.80	12.0	15.0		0.926	0.015	0.012	0.025	0.025
-1.20	-0.80	15.0	20.0		0.945	0.007	0.006	0.000	0.000
-1.20	-0.80	20.0	25.0		0.949	0.004	0.004	0.000	0.000
-1.20	-0.80	25.0	30.0		0.945	0.003	0.003	0.005	0.005
-1.20	-0.80	30.0	35.0		0.947	0.002	0.002	0.006	0.006
-1.20	-0.80	35.0	40.0		0.943	0.002	0.002	0.002	0.002
-1.20	-0.80	40.0	45.0		0.944	0.001	0.001	0.003	0.003
-1.20	-0.80	45.0	50.0		0.941	0.002	0.002	0.000	0.000
-1.20	-0.80	50.0	60.0		0.942	0.003	0.002	0.005	0.005
-1.20	-0.80	60.0	100.0		0.937	0.004	0.004	0.009	0.009
-1.20	-0.80	100.0	200.0		0.934	0.015	0.012	0.019	0.019
-0.80	-0.30	0.0	6.0		0.000	0.000	0.074	0.000	0.000
-0.80	-0.30	6.0	7.0		0.000	0.000	0.062	0.000	0.000
-0.80	-0.30	7.0	8.0		0.000	0.000	0.045	0.000	0.000
-0.80	-0.30	8.0	9.0		0.958	0.052	0.027	0.000	0.000
-0.80	-0.30	9.0	10.0		0.974	0.033	0.017	0.000	0.000
-0.80	-0.30	10.0	12.0		0.947	0.017	0.013	0.000	0.000
-0.80	-0.30	12.0	15.0		0.970	0.008	0.007	0.009	0.009
-0.80	-0.30	15.0	20.0		0.977	0.003	0.003	0.005	0.005
-0.80	-0.30	20.0	25.0		0.969	0.003	0.002	0.008	0.008
-0.80	-0.30	25.0	30.0		0.973	0.002	0.002	0.000	0.000
-0.80	-0.30	30.0	35.0		0.976	0.001	0.001	0.005	0.005
-0.80	-0.30	35.0	40.0		0.974	0.001	0.001	0.000	0.000
-0.80	-0.30	40.0	45.0		0.971	0.001	0.001	0.000	0.000
-0.80	-0.30	45.0	50.0		0.971	0.001	0.001	0.002	0.002
-0.80	-0.30	50.0	60.0		0.974	0.001	0.001	0.000	0.000
-0.80	-0.30	60.0	100.0		0.973	0.002	0.002	0.005	0.005
-0.80	-0.30	100.0	200.0		0.965	0.009	0.007	0.000	0.000
-0.30	-0.20	0.0	6.0		0.000	0.000	0.841	0.000	0.000
-0.30	-0.20	6.0	7.0		0.000	0.000	0.841	0.000	0.000
-0.30	-0.20	7.0	8.0		0.000	0.000	0.206	0.000	0.000
-0.30	-0.20	8.0	9.0		0.900	0.194	0.083	0.000	0.000
-0.30	-0.20	9.0	10.0		1.000	0.123	0.000	0.000	0.000
-0.30	-0.20	10.0	12.0		0.821	0.103	0.075	0.000	0.000
-0.30	-0.20	12.0	15.0		0.901	0.035	0.027	0.103	0.103
-0.30	-0.20	15.0	20.0		0.875	0.017	0.015	0.000	0.000
-0.30	-0.20	20.0	25.0		0.896	0.010	0.009	0.000	0.000
-0.30	-0.20	25.0	30.0		0.890	0.007	0.007	0.009	0.009
-0.30	-0.20	30.0	35.0		0.879	0.006	0.005	0.009	0.009
-0.30	-0.20	35.0	40.0		0.879	0.005	0.004	0.015	0.015
-0.30	-0.20	40.0	45.0		0.881	0.004	0.004	0.000	0.000
-0.30	-0.20	45.0	50.0		0.886	0.005	0.005	0.007	0.007
-0.30	-0.20	50.0	60.0		0.877	0.007	0.007	0.008	0.008
-0.30	-0.20	60.0	100.0		0.867	0.012	0.011	0.044	0.044
-0.30	-0.20	100.0	200.0		0.851	0.041	0.034	0.059	0.059
-0.20	0.20	0.0	6.0		0.000	0.000	0.602	0.000	0.000
-0.20	0.20	6.0	7.0		0.000	0.000	0.109	0.000	0.000
-0.20	0.20	7.0	8.0		0.000	0.000	0.097	0.000	0.000
-0.20	0.20	8.0	9.0		0.962	0.083	0.032	0.000	0.000
-0.20	0.20	9.0	10.0		0.941	0.072	0.038	0.000	0.000
-0.20	0.20	10.0	12.0		0.964	0.021	0.014	0.000	0.000
-0.20	0.20	12.0	15.0		0.973	0.010	0.007	0.020	0.020
-0.20	0.20	15.0	20.0		0.974	0.004	0.004	0.008	0.008
-0.20	0.20	20.0	25.0		0.964	0.003	0.003	0.000	0.000
-0.20	0.20	25.0	30.0		0.964	0.002	0.002	0.000	0.000
-0.20	0.20	30.0	35.0		0.964	0.001	0.001	0.003	0.003
-0.20	0.20	35.0	40.0		0.965	0.001	0.001	0.001	0.001
-0.20	0.20	40.0	45.0		0.964	0.001	0.001	0.000	0.000
-0.20	0.20	45.0	50.0		0.964	0.001	0.001	0.003	0.003
-0.20	0.20	50.0	60.0		0.962	0.002	0.002	0.004	0.004
-0.20	0.20	60.0	100.0		0.964	0.003	0.003	0.009	0.009
-0.20	0.20	100.0	200.0		0.960	0.010	0.008	0.000	0.000
0.20	0.30	0.0	6.0		0.000	0.000	0.841	0.000	0.000
0.20	0.30	6.0	7.0		0.000	0.000	0.841	0.000	0.000
0.20	0.30	7.0	8.0		0.000	0.000	0.369	0.000	0.000
0.20	0.30	8.0	9.0		0.667	0.282	0.212	0.000	0.000
0.20	0.30	9.0	10.0		0.875	0.142	0.080	0.000	0.000
0.20	0.30	10.0	12.0		0.872	0.077	0.054	0.128	0.128
0.20	0.30	12.0	15.0		0.914	0.035	0.026	0.076	0.076
0.20	0.30	15.0	20.0		0.898	0.016	0.014	0.019	0.019
0.20	0.30	20.0	25.0		0.901	0.010	0.009	0.000	0.000
0.20	0.30	25.0	30.0		0.903	0.007	0.006	0.000	0.000
0.20	0.30	30.0	35.0		0.906	0.005	0.005	0.022	0.022
0.20	0.30	35.0	40.0		0.895	0.004	0.004	0.009	0.009
0.20	0.30	40.0	45.0		0.895	0.004	0.004	0.012	0.012
0.20	0.30	45.0	50.0		0.895	0.005	0.005	0.000	0.000
0.20	0.30	50.0	60.0		0.903	0.006	0.006	0.000	0.000
0.20	0.30	60.0	100.0		0.907	0.010	0.009	0.000	0.000
0.20	0.30	100.0	200.0		0.842	0.045	0.037	0.000	0.000
0.30	0.80	0.0	6.0		0.000	0.000	0.074	0.000	0.000
0.30	0.80	6.0	7.0		0.000	0.000	0.074	0.000	0.000
0.30	0.80	7.0	8.0		0.000	0.000	0.044	0.000	0.000
0.30	0.80	8.0	9.0		0.967	0.042	0.022	0.000	0.000
0.30	0.80	9.0	10.0		0.988	0.027	0.010	0.058	0.058
0.30	0.80	10.0	12.0		0.971	0.015	0.011	0.000	0.000
0.30	0.80	12.0	15.0		0.970	0.008	0.007	0.011	0.011
0.30	0.80	15.0	20.0		0.972	0.004	0.003	0.000	0.000
0.30	0.80	20.0	25.0		0.973	0.002	0.002	0.000	0.000
0.30	0.80	25.0	30.0		0.977	0.002	0.001	0.002	0.002
0.30	0.80	30.0	35.0		0.976	0.001	0.001	0.001	0.001
0.30	0.80	35.0	40.0		0.973	0.001	0.001	0.003	0.003
0.30	0.80	40.0	45.0		0.974	0.001	0.001	0.002	0.002
0.30	0.80	45.0	50.0		0.975	0.001	0.001	0.003	0.003
0.30	0.80	50.0	60.0		0.973	0.001	0.001	0.000	0.000
0.30	0.80	60.0	100.0		0.975	0.002	0.002	0.000	0.000
0.30	0.80	100.0	200.0		0.963	0.009	0.007	0.022	0.022
0.80	1.20	0.0	6.0		0.000	0.000	0.034	0.000	0.000
0.80	1.20	6.0	7.0		0.000	0.000	0.056	0.000	0.000
0.80	1.20	7.0	8.0		0.047	0.030	0.058	0.000	0.000
0.80	1.20	8.0	9.0		0.847	0.055	0.044	0.000	0.000
0.80	1.20	9.0	10.0		0.990	0.023	0.008	0.100	0.100
0.80	1.20	10.0	12.0		0.909	0.027	0.022	0.034	0.034
0.80	1.20	12.0	15.0		0.951	0.012	0.010	0.000	0.000
0.80	1.20	15.0	20.0		0.963	0.006	0.005	0.007	0.007
0.80	1.20	20.0	25.0		0.953	0.004	0.004	0.009	0.009
0.80	1.20	25.0	30.0		0.962	0.003	0.003	0.005	0.005
0.80	1.20	30.0	35.0		0.956	0.002	0.002	0.003	0.003
0.80	1.20	35.0	40.0		0.957	0.002	0.001	0.002	0.002
0.80	1.20	40.0	45.0		0.951	0.001	0.001	0.006	0.006
0.80	1.20	45.0	50.0		0.953	0.002	0.002	0.000	0.000
0.80	1.20	50.0	60.0		0.955	0.002	0.002	0.000	0.000
0.80	1.20	60.0	100.0		0.951	0.004	0.004	0.005	0.005
0.80	1.20	100.0	200.0		0.962	0.012	0.009	0.000	0.000
1.20	1.60	0.0	6.0		0.000	0.000	0.011	0.000	0.000
1.20	1.60	6.0	7.0		0.000	0.000	0.035	0.000	0.000
1.20	1.60	7.0	8.0		0.016	0.013	0.036	0.039	0.039
1.20	1.60	8.0	9.0		0.905	0.047	0.034	0.048	0.048
1.20	1.60	9.0	10.0		0.923	0.039	0.028	0.042	0.042
1.20	1.60	10.0	12.0		0.982	0.017	0.010	0.000	0.000
1.20	1.60	12.0	15.0		0.965	0.013	0.010	0.013	0.013
1.20	1.60	15.0	20.0		0.978	0.005	0.004	0.000	0.000
1.20	1.60	20.0	25.0		0.986	0.003	0.002	0.000	0.000
1.20	1.60	25.0	30.0		0.987	0.002	0.002	0.000	0.000
1.20	1.60	30.0	35.0		0.987	0.001	0.001	0.002	0.002
1.20	1.60	35.0	40.0		0.985	0.001	0.001	0.001	0.001
1.20	1.60	40.0	45.0		0.986	0.001	0.001	0.000	0.000
1.20	1.60	45.0	50.0		0.988	0.001	0.001	0.002	0.002
1.20	1.60	50.0	60.0		0.987	0.001	0.001	0.000	0.000
1.20	1.60	60.0	100.0		0.990	0.002	0.002	0.005	0.005
1.20	1.60	100.0	200.0		0.982	0.011	0.007	0.000	0.000
1.60	2.10	0.0	6.0		0.000	0.000	0.004	0.000	0.000
1.60	2.10	6.0	7.0		0.000	0.000	0.020	0.000	0.000
1.60	2.10	7.0	8.0		0.011	0.009	0.024	0.000	0.000
1.60	2.10	8.0	9.0		0.883	0.037	0.030	0.046	0.046
1.60	2.10	9.0	10.0		0.963	0.024	0.016	0.032	0.032
1.60	2.10	10.0	12.0		0.918	0.018	0.015	0.000	0.000
1.60	2.10	12.0	15.0		0.959	0.009	0.007	0.017	0.017
1.60	2.10	15.0	20.0		0.961	0.005	0.004	0.005	0.005
1.60	2.10	20.0	25.0		0.949	0.004	0.004	0.005	0.005
1.60	2.10	25.0	30.0		0.951	0.003	0.003	0.005	0.005
1.60	2.10	30.0	35.0		0.956	0.002	0.002	0.002	0.002
1.60	2.10	35.0	40.0		0.954	0.002	0.002	0.005	0.005
1.60	2.10	40.0	45.0		0.951	0.002	0.001	0.003	0.003
1.60	2.10	45.0	50.0		0.949	0.002	0.002	0.000	0.000
1.60	2.10	50.0	60.0		0.954	0.002	0.002	0.000	0.000
1.60	2.10	60.0	100.0		0.953	0.004	0.004	0.004	0.004
1.60	2.10	100.0	200.0		0.962	0.013	0.010	0.019	0.019
2.10	2.40	0.0	6.0		0.000	0.000	0.005	0.000	0.000
2.10	2.40	6.0	7.0		0.000	0.000	0.038	0.000	0.000
2.10	2.40	7.0	8.0		0.069	0.033	0.051	0.000	0.000
2.10	2.40	8.0	9.0		0.729	0.057	0.051	0.107	0.107
2.10	2.40	9.0	10.0		0.812	0.049	0.041	0.106	0.106
2.10	2.40	10.0	12.0		0.925	0.024	0.019	0.063	0.063
2.10	2.40	12.0	15.0		0.900	0.016	0.014	0.000	0.000
2.10	2.40	15.0	20.0		0.914	0.009	0.008	0.012	0.012
2.10	2.40	20.0	25.0		0.916	0.007	0.006	0.011	0.011
2.10	2.40	25.0	30.0		0.923	0.005	0.004	0.010	0.010
2.10	2.40	30.0	35.0		0.923	0.004	0.003	0.008	0.008
2.10	2.40	35.0	40.0		0.929	0.003	0.003	0.000	0.000
2.10	2.40	40.0	45.0		0.931	0.003	0.003	0.009	0.009
2.10	2.40	45.0	50.0		0.927	0.004	0.003	0.000	0.000
2.10	2.40	50.0	60.0		0.923	0.005	0.005	0.009	0.009
2.10	2.40	60.0	100.0		0.910	0.008	0.008	0.032	0.032
2.10	2.40	100.0	200.0		0.939	0.034	0.024	0.071	0.071
