-2.40	-2.10	0.0	10.0		0.000	0.000	0.003	0.000	0.000
-2.40	-2.10	10.0	15.0		0.000	0.000	0.003	0.000	0.000
-2.40	-2.10	15.0	16.0		0.006	0.005	0.014	0.000	0.000
-2.40	-2.10	16.0	17.0		0.063	0.017	0.022	0.025	0.025
-2.40	-2.10	17.0	18.0		0.898	0.022	0.019	0.000	0.000
-2.40	-2.10	18.0	19.0		0.928	0.020	0.016	0.000	0.000
-2.40	-2.10	19.0	20.0		0.946	0.016	0.013	0.000	0.000
-2.40	-2.10	20.0	22.0		0.919	0.012	0.011	0.023	0.023
-2.40	-2.10	22.0	25.0		0.934	0.007	0.007	0.008	0.008
-2.40	-2.10	25.0	30.0		0.950	0.004	0.004	0.007	0.007
-2.40	-2.10	30.0	35.0		0.943	0.003	0.003	0.007	0.007
-2.40	-2.10	35.0	40.0		0.941	0.003	0.003	0.005	0.005
-2.40	-2.10	40.0	45.0		0.947	0.002	0.002	0.000	0.000
-2.40	-2.10	45.0	50.0		0.945	0.003	0.003	0.006	0.006
-2.40	-2.10	50.0	60.0		0.950	0.004	0.004	0.015	0.015
-2.40	-2.10	60.0	100.0		0.947	0.007	0.006	0.016	0.016
-2.40	-2.10	100.0	200.0		0.972	0.022	0.013	0.042	0.042
-2.10	-1.60	0.0	10.0		0.000	0.000	0.002	0.000	0.000
-2.10	-1.60	10.0	15.0		0.002	0.001	0.003	0.000	0.000
-2.10	-1.60	15.0	16.0		0.003	0.003	0.007	0.000	0.000
-2.10	-1.60	16.0	17.0		0.043	0.011	0.014	0.016	0.016
-2.10	-1.60	17.0	18.0		0.934	0.014	0.012	0.032	0.032
-2.10	-1.60	18.0	19.0		0.978	0.010	0.007	0.015	0.015
-2.10	-1.60	19.0	20.0		0.963	0.010	0.008	0.019	0.019
-2.10	-1.60	20.0	22.0		0.970	0.006	0.005	0.000	0.000
-2.10	-1.60	22.0	25.0		0.975	0.004	0.003	0.004	0.004
-2.10	-1.60	25.0	30.0		0.971	0.002	0.002	0.004	0.004
-2.10	-1.60	30.0	35.0		0.975	0.002	0.001	0.004	0.004
-2.10	-1.60	35.0	40.0		0.973	0.001	0.001	0.002	0.002
-2.10	-1.60	40.0	45.0		0.974	0.001	0.001	0.000	0.000
-2.10	-1.60	45.0	50.0		0.973	0.001	0.001	0.000	0.000
-2.10	-1.60	50.0	60.0		0.977	0.002	0.002	0.003	0.003
-2.10	-1.60	60.0	100.0		0.976	0.003	0.003	0.000	0.000
-2.10	-1.60	100.0	200.0		0.966	0.013	0.010	0.013	0.013
-1.60	-1.20	0.0	10.0		0.000	0.000	0.004	0.000	0.000
-1.60	-1.20	10.0	15.0		0.006	0.003	0.005	0.000	0.000
-1.60	-1.20	15.0	16.0		0.000	0.000	0.011	0.000	0.000
-1.60	-1.20	16.0	17.0		0.046	0.015	0.020	0.028	0.028
-1.60	-1.20	17.0	18.0		0.918	0.022	0.018	0.000	0.000
-1.60	-1.20	18.0	19.0		0.958	0.016	0.012	0.000	0.000
-1.60	-1.20	19.0	20.0		0.983	0.011	0.007	0.000	0.000
-1.60	-1.20	20.0	22.0		0.976	0.007	0.005	0.000	0.000
-1.60	-1.20	22.0	25.0		0.974	0.004	0.004	0.006	0.006
-1.60	-1.20	25.0	30.0		0.980	0.002	0.002	0.003	0.003
-1.60	-1.20	30.0	35.0		0.984	0.001	0.001	0.002	0.002
-1.60	-1.20	35.0	40.0		0.984	0.001	0.001	0.002	0.002
-1.60	-1.20	40.0	45.0		0.985	0.001	0.001	0.000	0.000
-1.60	-1.20	45.0	50.0		0.985	0.001	0.001	0.000	0.000
-1.60	-1.20	50.0	60.0		0.985	0.002	0.001	0.000	0.000
-1.60	-1.20	60.0	100.0		0.986	0.003	0.002	0.003	0.003
-1.60	-1.20	100.0	200.0		0.985	0.010	0.007	0.000	0.000
-1.20	-0.80	0.0	10.0		0.000	0.000	0.005	0.000	0.000
-1.20	-0.80	10.0	15.0		0.000	0.000	0.003	0.000	0.000
-1.20	-0.80	15.0	16.0		0.000	0.000	0.009	0.000	0.000
-1.20	-0.80	16.0	17.0		0.030	0.011	0.016	0.000	0.000
-1.20	-0.80	17.0	18.0		0.956	0.017	0.013	0.049	0.049
-1.20	-0.80	18.0	19.0		0.933	0.016	0.014	0.000	0.000
-1.20	-0.80	19.0	20.0		0.933	0.016	0.013	0.000	0.000
-1.20	-0.80	20.0	22.0		0.938	0.009	0.008	0.009	0.009
-1.20	-0.80	22.0	25.0		0.954	0.005	0.005	0.012	0.012
-1.20	-0.80	25.0	30.0		0.945	0.003	0.003	0.005	0.005
-1.20	-0.80	30.0	35.0		0.947	0.002	0.002	0.006	0.006
-1.20	-0.80	35.0	40.0		0.943	0.002	0.002	0.002	0.002
-1.20	-0.80	40.0	45.0		0.944	0.001	0.001	0.003	0.003
-1.20	-0.80	45.0	50.0		0.941	0.002	0.002	0.000	0.000
-1.20	-0.80	50.0	60.0		0.942	0.003	0.002	0.005	0.005
-1.20	-0.80	60.0	100.0		0.937	0.004	0.004	0.009	0.009
-1.20	-0.80	100.0	200.0		0.934	0.015	0.012	0.019	0.019
-0.80	-0.30	0.0	10.0		0.000	0.000	0.008	0.000	0.000
-0.80	-0.30	10.0	15.0		0.000	0.000	0.002	0.000	0.000
-0.80	-0.30	15.0	16.0		0.003	0.002	0.007	0.000	0.000
-0.80	-0.30	16.0	17.0		0.009	0.004	0.007	0.011	0.011
-0.80	-0.30	17.0	18.0		0.964	0.010	0.008	0.000	0.000
-0.80	-0.30	18.0	19.0		0.975	0.008	0.006	0.000	0.000
-0.80	-0.30	19.0	20.0		0.981	0.007	0.005	0.000	0.000
-0.80	-0.30	20.0	22.0		0.973	0.005	0.004	0.000	0.000
-0.80	-0.30	22.0	25.0		0.967	0.003	0.003	0.013	0.013
-0.80	-0.30	25.0	30.0		0.973	0.002	0.002	0.000	0.000
-0.80	-0.30	30.0	35.0		0.976	0.001	0.001	0.005	0.005
-0.80	-0.30	35.0	40.0		0.974	0.001	0.001	0.000	0.000
-0.80	-0.30	40.0	45.0		0.971	0.001	0.001	0.000	0.000
-0.80	-0.30	45.0	50.0		0.971	0.001	0.001	0.002	0.002
-0.80	-0.30	50.0	60.0		0.974	0.001	0.001	0.000	0.000
-0.80	-0.30	60.0	100.0		0.973	0.002	0.002	0.005	0.005
-0.80	-0.30	100.0	200.0		0.965	0.009	0.007	0.000	0.000
-0.30	-0.20	0.0	10.0		0.000	0.000	0.053	0.000	0.000
-0.30	-0.20	10.0	15.0		0.000	0.000	0.012	0.000	0.000
-0.30	-0.20	15.0	16.0		0.000	0.000	0.035	0.000	0.000
-0.30	-0.20	16.0	17.0		0.000	0.000	0.022	0.000	0.000
-0.30	-0.20	17.0	18.0		0.883	0.041	0.032	0.045	0.045
-0.30	-0.20	18.0	19.0		0.842	0.045	0.037	0.060	0.060
-0.30	-0.20	19.0	20.0		0.889	0.034	0.027	0.057	0.057
-0.30	-0.20	20.0	22.0		0.890	0.021	0.018	0.022	0.022
-0.30	-0.20	22.0	25.0		0.899	0.012	0.011	0.000	0.000
-0.30	-0.20	25.0	30.0		0.890	0.007	0.007	0.009	0.009
-0.30	-0.20	30.0	35.0		0.879	0.006	0.005	0.009	0.009
-0.30	-0.20	35.0	40.0		0.879	0.005	0.004	0.015	0.015
-0.30	-0.20	40.0	45.0		0.881	0.004	0.004	0.000	0.000
-0.30	-0.20	45.0	50.0		0.886	0.005	0.005	0.007	0.007
-0.30	-0.20	50.0	60.0		0.877	0.007	0.007	0.008	0.008
-0.30	-0.20	60.0	100.0		0.867	0.012	0.011	0.044	0.044
-0.30	-0.20	100.0	200.0		0.851	0.041	0.034	0.059	0.059
-0.20	0.20	0.0	10.0		0.000	0.000	0.019	0.000	0.000
-0.20	0.20	10.0	15.0		0.000	0.000	0.003	0.000	0.000
-0.20	0.20	15.0	16.0		0.000	0.000	0.007	0.000	0.000
-0.20	0.20	16.0	17.0		0.015	0.006	0.010	0.000	0.000
-0.20	0.20	17.0	18.0		0.959	0.012	0.010	0.000	0.000
-0.20	0.20	18.0	19.0		0.965	0.011	0.008	0.000	0.000
-0.20	0.20	19.0	20.0		0.976	0.008	0.006	0.016	0.016
-0.20	0.20	20.0	22.0		0.964	0.005	0.005	0.000	0.000
-0.20	0.20	22.0	25.0		0.965	0.003	0.003	0.004	0.004
-0.20	0.20	25.0	30.0		0.964	0.002	0.002	0.000	0.000
-0.20	0.20	30.0	35.0		0.964	0.001	0.001	0.003	0.003
-0.20	0.20	35.0	40.0		0.965	0.001	0.001	0.001	0.001
-0.20	0.20	40.0	45.0		0.964	0.001	0.001	0.000	0.000
-0.20	0.20	45.0	50.0		0.964	0.001	0.001	0.003	0.003
-0.20	0.20	50.0	60.0		0.962	0.002	0.002	0.004	0.004
-0.20	0.20	60.0	100.0		0.964	0.003	0.003	0.009	0.009
-0.20	0.20	100.0	200.0		0.960	0.010	0.008	0.000	0.000
0.20	0.30	0.0	10.0		0.000	0.000	0.064	0.000	0.000
0.20	0.30	10.0	15.0		0.000	0.000	0.012	0.000	0.000
0.20	0.30	15.0	16.0		0.000	0.000	0.029	0.000	0.000
0.20	0.30	16.0	17.0		0.000	0.000	0.023	0.000	0.000
0.20	0.30	17.0	18.0		0.889	0.047	0.035	0.000	0.000
0.20	0.30	18.0	19.0		0.930	0.033	0.024	0.110	0.110
0.20	0.30	19.0	20.0		0.894	0.035	0.028	0.039	0.039
0.20	0.30	20.0	22.0		0.898	0.020	0.017	0.027	0.027
0.20	0.30	22.0	25.0		0.902	0.012	0.011	0.000	0.000
0.20	0.30	25.0	30.0		0.903	0.007	0.006	0.000	0.000
0.20	0.30	30.0	35.0		0.906	0.005	0.005	0.022	0.022
0.20	0.30	35.0	40.0		0.895	0.004	0.004	0.009	0.009
0.20	0.30	40.0	45.0		0.895	0.004	0.004	0.012	0.012
0.20	0.30	45.0	50.0		0.895	0.005	0.005	0.000	0.000
0.20	0.30	50.0	60.0		0.903	0.006	0.006	0.000	0.000
0.20	0.30	60.0	100.0		0.907	0.010	0.009	0.000	0.000
0.20	0.30	100.0	200.0		0.842	0.045	0.037	0.000	0.000
0.30	0.80	0.0	10.0		0.000	0.000	0.008	0.000	0.000
0.30	0.80	10.0	15.0		0.000	0.000	0.002	0.000	0.000
0.30	0.80	15.0	16.0		0.000	0.000	0.006	0.000	0.000
0.30	0.80	16.0	17.0		0.014	0.006	0.009	0.000	0.000
0.30	0.80	17.0	18.0		0.958	0.011	0.009	0.013	0.013
0.30	0.80	18.0	19.0		0.978	0.008	0.006	0.000	0.000
0.30	0.80	19.0	20.0		0.964	0.009	0.007	0.015	0.015
0.30	0.80	20.0	22.0		0.972	0.005	0.004	0.000	0.000
0.30	0.80	22.0	25.0		0.974	0.003	0.003	0.006	0.006
0.30	0.80	25.0	30.0		0.977	0.002	0.001	0.002	0.002
0.30	0.80	30.0	35.0		0.976	0.001	0.001	0.001	0.001
0.30	0.80	35.0	40.0		0.973	0.001	0.001	0.003	0.003
0.30	0.80	40.0	45.0		0.974	0.001	0.001	0.002	0.002
0.30	0.80	45.0	50.0		0.975	0.001	0.001	0.003	0.003
0.30	0.80	50.0	60.0		0.973	0.001	0.001	0.000	0.000
0.30	0.80	60.0	100.0		0.975	0.002	0.002	0.000	0.000
0.30	0.80	100.0	200.0		0.963	0.009	0.007	0.022	0.022
0.80	1.20	0.0	10.0		0.000	0.000	0.006	0.000	0.000
0.80	1.20	10.0	15.0		0.000	0.000	0.003	0.000	0.000
0.80	1.20	15.0	16.0		0.000	0.000	0.009	0.000	0.000
0.80	1.20	16.0	17.0		0.020	0.009	0.014	0.000	0.000
0.80	1.20	17.0	18.0		0.957	0.017	0.013	0.027	0.027
0.80	1.20	18.0	19.0		0.965	0.014	0.010	0.017	0.017
0.80	1.20	19.0	20.0		0.949	0.015	0.012	0.000	0.000
0.80	1.20	20.0	22.0		0.954	0.008	0.007	0.000	0.000
0.80	1.20	22.0	25.0		0.953	0.006	0.005	0.015	0.015
0.80	1.20	25.0	30.0		0.962	0.003	0.003	0.005	0.005
0.80	1.20	30.0	35.0		0.956	0.002	0.002	0.003	0.003
0.80	1.20	35.0	40.0		0.957	0.002	0.001	0.002	0.002
0.80	1.20	40.0	45.0		0.951	0.001	0.001	0.006	0.006
0.80	1.20	45.0	50.0		0.953	0.002	0.002	0.000	0.000
0.80	1.20	50.0	60.0		0.955	0.002	0.002	0.000	0.000
0.80	1.20	60.0	100.0		0.951	0.004	0.004	0.005	0.005
0.80	1.20	100.0	200.0		0.962	0.012	0.009	0.000	0.000
1.20	1.60	0.0	10.0		0.000	0.000	0.004	0.000	0.000
1.20	1.60	10.0	15.0		0.002	0.002	0.004	0.000	0.000
1.20	1.60	15.0	16.0		0.016	0.009	0.015	0.000	0.000
1.20	1.60	16.0	17.0		0.030	0.012	0.018	0.020	0.020
1.20	1.60	17.0	18.0		0.932	0.020	0.016	0.000	0.000
1.20	1.60	18.0	19.0		0.979	0.013	0.008	0.000	0.000
1.20	1.60	19.0	20.0		0.985	0.010	0.007	0.000	0.000
1.20	1.60	20.0	22.0		0.985	0.006	0.004	0.000	0.000
1.20	1.60	22.0	25.0		0.986	0.003	0.003	0.004	0.004
1.20	1.60	25.0	30.0		0.987	0.002	0.002	0.000	0.000
1.20	1.60	30.0	35.0		0.987	0.001	0.001	0.002	0.002
1.20	1.60	35.0	40.0		0.985	0.001	0.001	0.001	0.001
1.20	1.60	40.0	45.0		0.986	0.001	0.001	0.000	0.000
1.20	1.60	45.0	50.0		0.988	0.001	0.001	0.002	0.002
1.20	1.60	50.0	60.0		0.987	0.001	0.001	0.000	0.000
1.20	1.60	60.0	100.0		0.990	0.002	0.002	0.005	0.005
1.20	1.60	100.0	200.0		0.982	0.011	0.007	0.000	0.000
1.60	2.10	0.0	10.0		0.000	0.000	0.002	0.000	0.000
1.60	2.10	10.0	15.0		0.001	0.001	0.002	0.000	0.000
1.60	2.10	15.0	16.0		0.000	0.000	0.006	0.000	0.000
1.60	2.10	16.0	17.0		0.044	0.011	0.014	0.000	0.000
1.60	2.10	17.0	18.0		0.923	0.015	0.013	0.000	0.000
1.60	2.10	18.0	19.0		0.966	0.010	0.008	0.026	0.026
1.60	2.10	19.0	20.0		0.957	0.011	0.009	0.017	0.017
1.60	2.10	20.0	22.0		0.954	0.007	0.006	0.000	0.000
1.60	2.10	22.0	25.0		0.947	0.005	0.004	0.009	0.009
1.60	2.10	25.0	30.0		0.951	0.003	0.003	0.005	0.005
1.60	2.10	30.0	35.0		0.956	0.002	0.002	0.002	0.002
1.60	2.10	35.0	40.0		0.954	0.002	0.002	0.005	0.005
1.60	2.10	40.0	45.0		0.951	0.002	0.001	0.003	0.003
1.60	2.10	45.0	50.0		0.949	0.002	0.002	0.000	0.000
1.60	2.10	50.0	60.0		0.954	0.002	0.002	0.000	0.000
1.60	2.10	60.0	100.0		0.953	0.004	0.004	0.004	0.004
1.60	2.10	100.0	200.0		0.962	0.013	0.010	0.019	0.019
2.10	2.40	0.0	10.0		0.000	0.000	0.003	0.000	0.000
2.10	2.40	10.0	15.0		0.001	0.001	0.003	0.005	0.005
2.10	2.40	15.0	16.0		0.000	0.000	0.009	0.000	0.000
2.10	2.40	16.0	17.0		0.087	0.020	0.025	0.047	0.047
2.10	2.40	17.0	18.0		0.888	0.026	0.022	0.049	0.049
2.10	2.40	18.0	19.0		0.888	0.023	0.019	0.000	0.000
2.10	2.40	19.0	20.0		0.901	0.022	0.018	0.041	0.041
2.10	2.40	20.0	22.0		0.912	0.012	0.011	0.013	0.013
2.10	2.40	22.0	25.0		0.918	0.008	0.008	0.011	0.011
2.10	2.40	25.0	30.0		0.922	0.005	0.004	0.010	0.010
2.10	2.40	30.0	35.0		0.922	0.004	0.003	0.007	0.007
2.10	2.40	35.0	40.0		0.929	0.003	0.003	0.000	0.000
2.10	2.40	40.0	45.0		0.931	0.003	0.003	0.008	0.008
2.10	2.40	45.0	50.0		0.926	0.004	0.003	0.000	0.000
2.10	2.40	50.0	60.0		0.923	0.005	0.005	0.009	0.009
2.10	2.40	60.0	100.0		0.910	0.008	0.008	0.032	0.032
2.10	2.40	100.0	200.0		0.939	0.034	0.024	0.071	0.071
