-2.40	-2.10	5.0	15.0		0.000	0.000	0.014	0.000	0.000
-2.40	-2.10	15.0	21.5		0.000	0.000	0.008	0.000	0.000
-2.40	-2.10	21.5	24.0		0.061	0.019	0.025	0.000	0.000
-2.40	-2.10	24.0	25.5		0.641	0.050	0.047	0.103	0.103
-2.40	-2.10	25.5	26.5		0.694	0.054	0.049	0.102	0.102
-2.40	-2.10	26.5	27.5		0.750	0.050	0.044	0.000	0.000
-2.40	-2.10	27.5	28.5		0.787	0.044	0.038	0.099	0.099
-2.40	-2.10	28.5	29.5		0.826	0.039	0.034	0.042	0.042
-2.40	-2.10	29.5	32.5		0.806	0.019	0.018	0.021	0.021
-2.40	-2.10	32.5	37.5		0.840	0.012	0.012	0.000	0.000
-2.40	-2.10	37.5	42.5		0.875	0.010	0.009	0.019	0.019
-2.40	-2.10	42.5	47.5		0.851	0.011	0.010	0.017	0.017
-2.40	-2.10	47.5	55.0		0.859	0.014	0.013	0.000	0.000
-2.40	-2.10	55.0	80.0		0.849	0.021	0.019	0.000	0.000
-2.40	-2.10	80.0	150.0		0.833	0.072	0.056	0.000	0.000
-2.10	-1.60	5.0	15.0		0.000	0.000	0.008	0.000	0.000
-2.10	-1.60	15.0	21.5		0.000	0.000	0.004	0.000	0.000
-2.10	-1.60	21.5	24.0		0.043	0.011	0.015	0.000	0.000
-2.10	-1.60	24.0	25.5		0.827	0.028	0.025	0.051	0.051
-2.10	-1.60	25.5	26.5		0.863	0.028	0.024	0.033	0.033
-2.10	-1.60	26.5	27.5		0.863	0.028	0.024	0.070	0.070
-2.10	-1.60	27.5	28.5		0.899	0.023	0.019	0.025	0.025
-2.10	-1.60	28.5	29.5		0.935	0.019	0.015	0.029	0.029
-2.10	-1.60	29.5	32.5		0.906	0.010	0.009	0.017	0.017
-2.10	-1.60	32.5	37.5		0.911	0.006	0.006	0.000	0.000
-2.10	-1.60	37.5	42.5		0.923	0.005	0.005	0.013	0.013
-2.10	-1.60	42.5	47.5		0.930	0.005	0.004	0.005	0.005
-2.10	-1.60	47.5	55.0		0.924	0.007	0.006	0.013	0.013
-2.10	-1.60	55.0	80.0		0.938	0.009	0.008	0.025	0.025
-2.10	-1.60	80.0	150.0		0.902	0.037	0.028	0.000	0.000
-1.60	-1.20	5.0	15.0		0.000	0.000	0.014	0.000	0.000
-1.60	-1.20	15.0	21.5		0.004	0.003	0.009	0.012	0.012
-1.60	-1.20	21.5	24.0		0.035	0.012	0.017	0.041	0.041
-1.60	-1.20	24.0	25.5		0.835	0.035	0.030	0.075	0.075
-1.60	-1.20	25.5	26.5		0.835	0.045	0.038	0.000	0.000
-1.60	-1.20	26.5	27.5		0.849	0.039	0.033	0.058	0.058
-1.60	-1.20	27.5	28.5		0.847	0.034	0.029	0.000	0.000
-1.60	-1.20	28.5	29.5		0.868	0.029	0.025	0.047	0.047
-1.60	-1.20	29.5	32.5		0.887	0.013	0.012	0.000	0.000
-1.60	-1.20	32.5	37.5		0.902	0.008	0.007	0.018	0.018
-1.60	-1.20	37.5	42.5		0.909	0.006	0.006	0.007	0.007
-1.60	-1.20	42.5	47.5		0.926	0.005	0.005	0.000	0.000
-1.60	-1.20	47.5	55.0		0.936	0.007	0.006	0.000	0.000
-1.60	-1.20	55.0	80.0		0.933	0.011	0.009	0.016	0.016
-1.60	-1.20	80.0	150.0		0.953	0.027	0.019	0.000	0.000
-1.20	-0.80	5.0	15.0		0.000	0.000	0.012	0.000	0.000
-1.20	-0.80	15.0	21.5		0.000	0.000	0.006	0.000	0.000
-1.20	-0.80	21.5	24.0		0.012	0.006	0.011	0.000	0.000
-1.20	-0.80	24.0	25.5		0.764	0.037	0.033	0.000	0.000
-1.20	-0.80	25.5	26.5		0.818	0.037	0.033	0.000	0.000
-1.20	-0.80	26.5	27.5		0.805	0.034	0.030	0.069	0.069
-1.20	-0.80	27.5	28.5		0.828	0.029	0.026	0.047	0.047
-1.20	-0.80	28.5	29.5		0.805	0.030	0.027	0.071	0.071
-1.20	-0.80	29.5	32.5		0.881	0.011	0.010	0.000	0.000
-1.20	-0.80	32.5	37.5		0.903	0.006	0.006	0.007	0.007
-1.20	-0.80	37.5	42.5		0.903	0.005	0.005	0.007	0.007
-1.20	-0.80	42.5	47.5		0.908	0.005	0.005	0.007	0.007
-1.20	-0.80	47.5	55.0		0.907	0.007	0.006	0.007	0.007
-1.20	-0.80	55.0	80.0		0.905	0.010	0.009	0.011	0.011
-1.20	-0.80	80.0	150.0		0.914	0.028	0.022	0.039	0.039
-0.80	-0.30	5.0	15.0		0.000	0.000	0.009	0.000	0.000
-0.80	-0.30	15.0	21.5		0.000	0.000	0.003	0.000	0.000
-0.80	-0.30	21.5	24.0		0.012	0.005	0.008	0.000	0.000
-0.80	-0.30	24.0	25.5		0.829	0.023	0.021	0.063	0.063
-0.80	-0.30	25.5	26.5		0.899	0.021	0.018	0.000	0.000
-0.80	-0.30	26.5	27.5		0.922	0.018	0.015	0.000	0.000
-0.80	-0.30	27.5	28.5		0.929	0.015	0.013	0.000	0.000
-0.80	-0.30	28.5	29.5		0.916	0.016	0.013	0.029	0.029
-0.80	-0.30	29.5	32.5		0.924	0.007	0.006	0.016	0.016
-0.80	-0.30	32.5	37.5		0.950	0.003	0.003	0.000	0.000
-0.80	-0.30	37.5	42.5		0.953	0.003	0.003	0.010	0.010
-0.80	-0.30	42.5	47.5		0.954	0.003	0.003	0.005	0.005
-0.80	-0.30	47.5	55.0		0.957	0.004	0.003	0.006	0.006
-0.80	-0.30	55.0	80.0		0.965	0.005	0.004	0.019	0.019
-0.80	-0.30	80.0	150.0		0.960	0.018	0.013	0.024	0.024
-0.30	-0.20	5.0	15.0		0.000	0.000	0.088	0.000	0.000
-0.30	-0.20	15.0	21.5		0.000	0.000	0.015	0.000	0.000
-0.30	-0.20	21.5	24.0		0.012	0.010	0.027	0.000	0.000
-0.30	-0.20	24.0	25.5		0.663	0.057	0.053	0.151	0.151
-0.30	-0.20	25.5	26.5		0.778	0.080	0.065	0.083	0.083
-0.30	-0.20	26.5	27.5		0.824	0.059	0.048	0.000	0.000
-0.30	-0.20	27.5	28.5		0.815	0.050	0.042	0.000	0.000
-0.30	-0.20	28.5	29.5		0.912	0.040	0.030	0.053	0.053
-0.30	-0.20	29.5	32.5		0.823	0.024	0.022	0.000	0.000
-0.30	-0.20	32.5	37.5		0.858	0.014	0.013	0.015	0.015
-0.30	-0.20	37.5	42.5		0.849	0.012	0.011	0.000	0.000
-0.30	-0.20	42.5	47.5		0.849	0.011	0.011	0.000	0.000
-0.30	-0.20	47.5	55.0		0.863	0.015	0.014	0.000	0.000
-0.30	-0.20	55.0	80.0		0.853	0.024	0.021	0.029	0.029
-0.30	-0.20	80.0	150.0		0.838	0.084	0.062	0.000	0.000
-0.20	0.20	5.0	15.0		0.000	0.000	0.013	0.000	0.000
-0.20	0.20	15.0	21.5		0.000	0.000	0.004	0.000	0.000
-0.20	0.20	21.5	24.0		0.016	0.006	0.009	0.000	0.000
-0.20	0.20	24.0	25.5		0.861	0.021	0.018	0.026	0.026
-0.20	0.20	25.5	26.5		0.891	0.023	0.019	0.000	0.000
-0.20	0.20	26.5	27.5		0.909	0.019	0.016	0.042	0.042
-0.20	0.20	27.5	28.5		0.919	0.017	0.015	0.000	0.000
-0.20	0.20	28.5	29.5		0.884	0.018	0.016	0.000	0.000
-0.20	0.20	29.5	32.5		0.932	0.007	0.006	0.011	0.011
-0.20	0.20	32.5	37.5		0.933	0.004	0.004	0.000	0.000
-0.20	0.20	37.5	42.5		0.938	0.004	0.003	0.007	0.007
-0.20	0.20	42.5	47.5		0.948	0.003	0.003	0.004	0.004
-0.20	0.20	47.5	55.0		0.952	0.004	0.004	0.000	0.000
-0.20	0.20	55.0	80.0		0.950	0.007	0.006	0.000	0.000
-0.20	0.20	80.0	150.0		0.942	0.019	0.015	0.031	0.031
0.20	0.30	5.0	15.0		0.000	0.000	0.060	0.000	0.000
0.20	0.30	15.0	21.5		0.000	0.000	0.016	0.000	0.000
0.20	0.30	21.5	24.0		0.012	0.010	0.027	0.000	0.000
0.20	0.30	24.0	25.5		0.707	0.062	0.056	0.145	0.145
0.20	0.30	25.5	26.5		0.683	0.071	0.064	0.106	0.106
0.20	0.30	26.5	27.5		0.885	0.063	0.045	0.175	0.175
0.20	0.30	27.5	28.5		0.868	0.045	0.036	0.000	0.000
0.20	0.30	28.5	29.5		0.744	0.056	0.049	0.000	0.000
0.20	0.30	29.5	32.5		0.834	0.023	0.021	0.039	0.039
0.20	0.30	32.5	37.5		0.847	0.014	0.013	0.000	0.000
0.20	0.30	37.5	42.5		0.865	0.011	0.011	0.000	0.000
0.20	0.30	42.5	47.5		0.859	0.011	0.011	0.000	0.000
0.20	0.30	47.5	55.0		0.902	0.014	0.012	0.000	0.000
0.20	0.30	55.0	80.0		0.844	0.024	0.022	0.049	0.049
0.20	0.30	80.0	150.0		0.842	0.082	0.061	0.000	0.000
0.30	0.80	5.0	15.0		0.000	0.000	0.011	0.000	0.000
0.30	0.80	15.0	21.5		0.000	0.000	0.003	0.000	0.000
0.30	0.80	21.5	24.0		0.011	0.005	0.008	0.008	0.008
0.30	0.80	24.0	25.5		0.865	0.021	0.018	0.000	0.000
0.30	0.80	25.5	26.5		0.920	0.019	0.016	0.027	0.027
0.30	0.80	26.5	27.5		0.889	0.021	0.018	0.056	0.056
0.30	0.80	27.5	28.5		0.900	0.018	0.016	0.044	0.044
0.30	0.80	28.5	29.5		0.925	0.016	0.013	0.030	0.030
0.30	0.80	29.5	32.5		0.933	0.007	0.006	0.012	0.012
0.30	0.80	32.5	37.5		0.944	0.004	0.003	0.004	0.004
0.30	0.80	37.5	42.5		0.948	0.003	0.003	0.009	0.009
0.30	0.80	42.5	47.5		0.956	0.003	0.003	0.009	0.009
0.30	0.80	47.5	55.0		0.959	0.004	0.003	0.004	0.004
0.30	0.80	55.0	80.0		0.966	0.005	0.004	0.000	0.000
0.30	0.80	80.0	150.0		0.960	0.015	0.012	0.023	0.023
0.80	1.20	5.0	15.0		0.000	0.000	0.013	0.000	0.000
0.80	1.20	15.0	21.5		0.003	0.003	0.007	0.000	0.000
0.80	1.20	21.5	24.0		0.027	0.011	0.016	0.032	0.032
0.80	1.20	24.0	25.5		0.829	0.035	0.030	0.108	0.108
0.80	1.20	25.5	26.5		0.886	0.034	0.027	0.126	0.126
0.80	1.20	26.5	27.5		0.870	0.032	0.027	0.037	0.037
0.80	1.20	27.5	28.5		0.891	0.029	0.024	0.042	0.042
0.80	1.20	28.5	29.5		0.923	0.022	0.018	0.093	0.093
0.80	1.20	29.5	32.5		0.891	0.011	0.010	0.000	0.000
0.80	1.20	32.5	37.5		0.916	0.006	0.006	0.000	0.000
0.80	1.20	37.5	42.5		0.921	0.005	0.004	0.000	0.000
0.80	1.20	42.5	47.5		0.924	0.005	0.004	0.000	0.000
0.80	1.20	47.5	55.0		0.920	0.007	0.006	0.012	0.012
0.80	1.20	55.0	80.0		0.924	0.009	0.009	0.012	0.012
0.80	1.20	80.0	150.0		0.949	0.026	0.019	0.000	0.000
1.20	1.60	5.0	15.0		0.000	0.000	0.012	0.000	0.000
1.20	1.60	15.0	21.5		0.016	0.008	0.012	0.016	0.016
1.20	1.60	21.5	24.0		0.050	0.015	0.021	0.034	0.034
1.20	1.60	24.0	25.5		0.819	0.035	0.031	0.039	0.039
1.20	1.60	25.5	26.5		0.776	0.042	0.037	0.076	0.076
1.20	1.60	26.5	27.5		0.893	0.034	0.027	0.037	0.037
1.20	1.60	27.5	28.5		0.898	0.030	0.024	0.044	0.044
1.20	1.60	28.5	29.5		0.898	0.026	0.022	0.035	0.035
1.20	1.60	29.5	32.5		0.920	0.011	0.010	0.000	0.000
1.20	1.60	32.5	37.5		0.940	0.006	0.006	0.000	0.000
1.20	1.60	37.5	42.5		0.943	0.005	0.005	0.000	0.000
1.20	1.60	42.5	47.5		0.945	0.005	0.004	0.008	0.008
1.20	1.60	47.5	55.0		0.956	0.006	0.005	0.021	0.021
1.20	1.60	55.0	80.0		0.961	0.009	0.007	0.020	0.020
1.20	1.60	80.0	150.0		0.958	0.028	0.018	0.000	0.000
1.60	2.10	5.0	15.0		0.000	0.000	0.007	0.000	0.000
1.60	2.10	15.0	21.5		0.000	0.000	0.004	0.000	0.000
1.60	2.10	21.5	24.0		0.026	0.008	0.012	0.014	0.014
1.60	2.10	24.0	25.5		0.769	0.029	0.027	0.000	0.000
1.60	2.10	25.5	26.5		0.823	0.033	0.029	0.061	0.061
1.60	2.10	26.5	27.5		0.851	0.029	0.026	0.045	0.045
1.60	2.10	27.5	28.5		0.810	0.028	0.026	0.000	0.000
1.60	2.10	28.5	29.5		0.840	0.025	0.023	0.000	0.000
1.60	2.10	29.5	32.5		0.855	0.011	0.011	0.014	0.014
1.60	2.10	32.5	37.5		0.852	0.008	0.007	0.008	0.008
1.60	2.10	37.5	42.5		0.866	0.006	0.006	0.012	0.012
1.60	2.10	42.5	47.5		0.869	0.006	0.006	0.000	0.000
1.60	2.10	47.5	55.0		0.869	0.008	0.008	0.026	0.026
1.60	2.10	55.0	80.0		0.858	0.012	0.011	0.000	0.000
1.60	2.10	80.0	150.0		0.874	0.034	0.028	0.000	0.000
2.10	2.40	5.0	15.0		0.000	0.000	0.011	0.000	0.000
2.10	2.40	15.0	21.5		0.004	0.003	0.009	0.000	0.000
2.10	2.40	21.5	24.0		0.036	0.014	0.021	0.000	0.000
2.10	2.40	24.0	25.5		0.657	0.045	0.042	0.000	0.000
2.10	2.40	25.5	26.5		0.681	0.064	0.059	0.111	0.111
2.10	2.40	26.5	27.5		0.732	0.046	0.042	0.000	0.000
2.10	2.40	27.5	28.5		0.762	0.044	0.039	0.069	0.069
2.10	2.40	28.5	29.5		0.741	0.048	0.043	0.074	0.074
2.10	2.40	29.5	32.5		0.765	0.021	0.020	0.000	0.000
2.10	2.40	32.5	37.5		0.773	0.013	0.013	0.023	0.023
2.10	2.40	37.5	42.5		0.806	0.011	0.011	0.012	0.012
2.10	2.40	42.5	47.5		0.816	0.012	0.011	0.013	0.013
2.10	2.40	47.5	55.0		0.835	0.014	0.013	0.026	0.026
2.10	2.40	55.0	80.0		0.831	0.021	0.019	0.032	0.032
2.10	2.40	80.0	150.0		0.797	0.066	0.055	0.118	0.118
