-2.40	-2.10	3.0	6.5		0.000	0.000	0.068	0.000	0.000
-2.40	-2.10	6.5	7.5		0.000	0.000	0.264	0.000	0.000
-2.40	-2.10	7.5	8.5		0.000	0.000	0.168	0.000	0.000
-2.40	-2.10	8.5	9.5		0.000	0.000	0.142	0.000	0.000
-2.40	-2.10	9.5	11.0		0.000	0.000	0.074	0.000	0.000
-2.40	-2.10	11.0	13.5		0.622	0.085	0.079	0.000	0.000
-2.40	-2.10	13.5	17.5		0.980	0.026	0.013	0.067	0.067
-2.40	-2.10	17.5	22.5		0.913	0.023	0.019	0.000	0.000
-2.40	-2.10	22.5	27.5		0.909	0.016	0.014	0.030	0.030
-2.40	-2.10	27.5	32.5		0.947	0.009	0.008	0.034	0.034
-2.40	-2.10	32.5	37.5		0.931	0.009	0.008	0.011	0.011
-2.40	-2.10	37.5	42.5		0.948	0.007	0.006	0.018	0.018
-2.40	-2.10	42.5	47.5		0.930	0.008	0.007	0.000	0.000
-2.40	-2.10	47.5	55.0		0.942	0.010	0.008	0.000	0.000
-2.40	-2.10	55.0	80.0		0.936	0.016	0.013	0.024	0.024
-2.40	-2.10	80.0	150.0		0.938	0.057	0.034	0.000	0.000
-2.10	-1.60	3.0	6.5		0.000	0.000	0.033	0.000	0.000
-2.10	-1.60	6.5	7.5		0.000	0.000	0.168	0.000	0.000
-2.10	-1.60	7.5	8.5		0.000	0.000	0.080	0.000	0.000
-2.10	-1.60	8.5	9.5		0.000	0.000	0.092	0.000	0.000
-2.10	-1.60	9.5	11.0		0.000	0.000	0.040	0.000	0.000
-2.10	-1.60	11.0	13.5		0.633	0.072	0.067	0.120	0.120
-2.10	-1.60	13.5	17.5		0.990	0.013	0.007	0.013	0.013
-2.10	-1.60	17.5	22.5		0.985	0.008	0.006	0.011	0.011
-2.10	-1.60	22.5	27.5		0.968	0.007	0.006	0.010	0.010
-2.10	-1.60	27.5	32.5		0.972	0.005	0.004	0.005	0.005
-2.10	-1.60	32.5	37.5		0.969	0.004	0.004	0.000	0.000
-2.10	-1.60	37.5	42.5		0.971	0.003	0.003	0.004	0.004
-2.10	-1.60	42.5	47.5		0.972	0.003	0.003	0.000	0.000
-2.10	-1.60	47.5	55.0		0.969	0.004	0.004	0.007	0.007
-2.10	-1.60	55.0	80.0		0.972	0.007	0.006	0.000	0.000
-2.10	-1.60	80.0	150.0		0.955	0.029	0.019	0.000	0.000
-1.60	-1.20	3.0	6.5		0.000	0.000	0.084	0.000	0.000
-1.60	-1.20	6.5	7.5		0.000	0.000	0.185	0.000	0.000
-1.60	-1.20	7.5	8.5		0.000	0.000	0.168	0.000	0.000
-1.60	-1.20	8.5	9.5		0.000	0.000	0.142	0.000	0.000
-1.60	-1.20	9.5	11.0		0.000	0.000	0.080	0.000	0.000
-1.60	-1.20	11.0	13.5		0.610	0.090	0.084	0.155	0.155
-1.60	-1.20	13.5	17.5		0.990	0.023	0.008	0.026	0.026
-1.60	-1.20	17.5	22.5		0.966	0.015	0.011	0.020	0.020
-1.60	-1.20	22.5	27.5		0.979	0.008	0.006	0.020	0.020
-1.60	-1.20	27.5	32.5		0.967	0.006	0.005	0.013	0.013
-1.60	-1.20	32.5	37.5		0.977	0.004	0.004	0.008	0.008
-1.60	-1.20	37.5	42.5		0.978	0.003	0.003	0.005	0.005
-1.60	-1.20	42.5	47.5		0.981	0.003	0.003	0.000	0.000
-1.60	-1.20	47.5	55.0		0.978	0.004	0.004	0.000	0.000
-1.60	-1.20	55.0	80.0		0.978	0.007	0.005	0.009	0.009
-1.60	-1.20	80.0	150.0		0.976	0.022	0.013	0.000	0.000
-1.20	-0.80	3.0	6.5		0.000	0.000	0.123	0.000	0.000
-1.20	-0.80	6.5	7.5		0.000	0.000	0.185	0.000	0.000
-1.20	-0.80	7.5	8.5		0.000	0.000	0.142	0.000	0.000
-1.20	-0.80	8.5	9.5		0.000	0.000	0.142	0.000	0.000
-1.20	-0.80	9.5	11.0		0.000	0.000	0.080	0.000	0.000
-1.20	-0.80	11.0	13.5		0.647	0.079	0.073	0.000	0.000
-1.20	-0.80	13.5	17.5		0.948	0.030	0.021	0.044	0.044
-1.20	-0.80	17.5	22.5		0.929	0.017	0.014	0.000	0.000
-1.20	-0.80	22.5	27.5		0.931	0.011	0.010	0.000	0.000
-1.20	-0.80	27.5	32.5		0.932	0.007	0.007	0.011	0.011
-1.20	-0.80	32.5	37.5		0.940	0.005	0.005	0.000	0.000
-1.20	-0.80	37.5	42.5		0.937	0.004	0.004	0.000	0.000
-1.20	-0.80	42.5	47.5		0.934	0.004	0.004	0.009	0.009
-1.20	-0.80	47.5	55.0		0.937	0.006	0.005	0.000	0.000
-1.20	-0.80	55.0	80.0		0.930	0.009	0.008	0.000	0.000
-1.20	-0.80	80.0	150.0		0.945	0.024	0.018	0.000	0.000
-0.80	-0.30	3.0	6.5		0.000	0.000	0.459	0.000	0.000
-0.80	-0.30	6.5	7.5		0.000	0.000	0.264	0.000	0.000
-0.80	-0.30	7.5	8.5		0.000	0.000	0.168	0.000	0.000
-0.80	-0.30	8.5	9.5		0.000	0.000	0.206	0.000	0.000
-0.80	-0.30	9.5	11.0		0.000	0.000	0.054	0.000	0.000
-0.80	-0.30	11.0	13.5		0.600	0.070	0.066	0.000	0.000
-0.80	-0.30	13.5	17.5		0.971	0.015	0.011	0.020	0.020
-0.80	-0.30	17.5	22.5		0.975	0.008	0.006	0.000	0.000
-0.80	-0.30	22.5	27.5		0.967	0.006	0.005	0.010	0.010
-0.80	-0.30	27.5	32.5		0.968	0.004	0.003	0.007	0.007
-0.80	-0.30	32.5	37.5		0.971	0.003	0.002	0.000	0.000
-0.80	-0.30	37.5	42.5		0.971	0.002	0.002	0.005	0.005
-0.80	-0.30	42.5	47.5		0.970	0.002	0.002	0.000	0.000
-0.80	-0.30	47.5	55.0		0.971	0.003	0.003	0.005	0.005
-0.80	-0.30	55.0	80.0		0.974	0.004	0.004	0.014	0.014
-0.80	-0.30	80.0	150.0		0.969	0.016	0.012	0.029	0.029
-0.30	-0.20	3.0	6.5		0.000	0.000	1.000	0.000	0.000
-0.30	-0.20	6.5	7.5		0.000	0.000	1.000	0.000	0.000
-0.30	-0.20	7.5	8.5		0.000	0.000	1.000	0.000	0.000
-0.30	-0.20	8.5	9.5		0.000	0.000	0.602	0.000	0.000
-0.30	-0.20	9.5	11.0		0.000	0.000	0.459	0.000	0.000
-0.30	-0.20	11.0	13.5		0.500	0.257	0.257	0.000	0.000
-0.30	-0.20	13.5	17.5		0.921	0.071	0.043	0.000	0.000
-0.30	-0.20	17.5	22.5		0.900	0.035	0.028	0.000	0.000
-0.30	-0.20	22.5	27.5		0.879	0.024	0.021	0.000	0.000
-0.30	-0.20	27.5	32.5		0.896	0.016	0.014	0.031	0.031
-0.30	-0.20	32.5	37.5		0.894	0.012	0.011	0.013	0.013
-0.30	-0.20	37.5	42.5		0.881	0.010	0.010	0.000	0.000
-0.30	-0.20	42.5	47.5		0.873	0.011	0.010	0.000	0.000
-0.30	-0.20	47.5	55.0		0.886	0.014	0.013	0.017	0.017
-0.30	-0.20	55.0	80.0		0.870	0.023	0.020	0.028	0.028
-0.30	-0.20	80.0	150.0		0.838	0.084	0.062	0.000	0.000
-0.20	0.20	3.0	6.5		0.000	0.000	0.369	0.000	0.000
-0.20	0.20	6.5	7.5		0.000	0.000	0.369	0.000	0.000
-0.20	0.20	7.5	8.5		0.000	0.000	0.841	0.000	0.000
-0.20	0.20	8.5	9.5		0.000	0.000	0.264	0.000	0.000
-0.20	0.20	9.5	11.0		0.000	0.000	0.092	0.000	0.000
-0.20	0.20	11.0	13.5		0.674	0.083	0.075	0.000	0.000
-0.20	0.20	13.5	17.5		0.971	0.019	0.013	0.000	0.000
-0.20	0.20	17.5	22.5		0.951	0.011	0.009	0.000	0.000
-0.20	0.20	22.5	27.5		0.964	0.006	0.005	0.010	0.010
-0.20	0.20	27.5	32.5		0.966	0.004	0.004	0.000	0.000
-0.20	0.20	32.5	37.5		0.959	0.004	0.003	0.000	0.000
-0.20	0.20	37.5	42.5		0.957	0.003	0.003	0.005	0.005
-0.20	0.20	42.5	47.5		0.963	0.003	0.003	0.000	0.000
-0.20	0.20	47.5	55.0		0.962	0.004	0.004	0.004	0.004
-0.20	0.20	55.0	80.0		0.962	0.006	0.005	0.000	0.000
-0.20	0.20	80.0	150.0		0.954	0.018	0.013	0.020	0.020
0.20	0.30	3.0	6.5		0.000	0.000	0.841	0.000	0.000
0.20	0.30	6.5	7.5		0.000	0.000	0.841	0.000	0.000
0.20	0.30	7.5	8.5		0.000	0.000	0.841	0.000	0.000
0.20	0.30	8.5	9.5		0.000	0.000	1.000	0.000	0.000
0.20	0.30	9.5	11.0		0.000	0.000	0.459	0.000	0.000
0.20	0.30	11.0	13.5		0.500	0.195	0.195	0.200	0.200
0.20	0.30	13.5	17.5		0.826	0.075	0.058	0.102	0.102
0.20	0.30	17.5	22.5		0.869	0.041	0.033	0.046	0.046
0.20	0.30	22.5	27.5		0.891	0.024	0.020	0.028	0.028
0.20	0.30	27.5	32.5		0.885	0.016	0.014	0.000	0.000
0.20	0.30	32.5	37.5		0.901	0.012	0.011	0.000	0.000
0.20	0.30	37.5	42.5		0.894	0.010	0.010	0.011	0.011
0.20	0.30	42.5	47.5		0.887	0.010	0.010	0.011	0.011
0.20	0.30	47.5	55.0		0.917	0.013	0.011	0.000	0.000
0.20	0.30	55.0	80.0		0.875	0.022	0.020	0.031	0.031
0.20	0.30	80.0	150.0		0.868	0.079	0.056	0.000	0.000
0.30	0.80	3.0	6.5		0.000	0.000	0.459	0.000	0.000
0.30	0.80	6.5	7.5		0.000	0.000	0.308	0.000	0.000
0.30	0.80	7.5	8.5		0.000	0.000	0.459	0.000	0.000
0.30	0.80	8.5	9.5		0.000	0.000	0.168	0.000	0.000
0.30	0.80	9.5	11.0		0.000	0.000	0.071	0.000	0.000
0.30	0.80	11.0	13.5		0.574	0.068	0.066	0.100	0.100
0.30	0.80	13.5	17.5		0.959	0.018	0.013	0.019	0.019
0.30	0.80	17.5	22.5		0.981	0.008	0.006	0.000	0.000
0.30	0.80	22.5	27.5		0.975	0.005	0.004	0.000	0.000
0.30	0.80	27.5	32.5		0.977	0.003	0.003	0.011	0.011
0.30	0.80	32.5	37.5		0.971	0.003	0.003	0.003	0.003
0.30	0.80	37.5	42.5		0.970	0.002	0.002	0.006	0.006
0.30	0.80	42.5	47.5		0.974	0.002	0.002	0.003	0.003
0.30	0.80	47.5	55.0		0.970	0.003	0.003	0.000	0.000
0.30	0.80	55.0	80.0		0.977	0.004	0.004	0.000	0.000
0.30	0.80	80.0	150.0		0.968	0.014	0.011	0.000	0.000
0.80	1.20	3.0	6.5		0.000	0.000	0.116	0.000	0.000
0.80	1.20	6.5	7.5		0.000	0.000	0.154	0.000	0.000
0.80	1.20	7.5	8.5		0.000	0.000	0.206	0.000	0.000
0.80	1.20	8.5	9.5		0.000	0.000	0.132	0.000	0.000
0.80	1.20	9.5	11.0		0.000	0.000	0.092	0.000	0.000
0.80	1.20	11.0	13.5		0.710	0.069	0.061	0.153	0.153
0.80	1.20	13.5	17.5		0.917	0.033	0.025	0.000	0.000
0.80	1.20	17.5	22.5		0.966	0.014	0.010	0.000	0.000
0.80	1.20	22.5	27.5		0.964	0.009	0.008	0.043	0.043
0.80	1.20	27.5	32.5		0.954	0.006	0.006	0.009	0.009
0.80	1.20	32.5	37.5		0.956	0.004	0.004	0.005	0.005
0.80	1.20	37.5	42.5		0.954	0.004	0.003	0.004	0.004
0.80	1.20	42.5	47.5		0.948	0.004	0.004	0.000	0.000
0.80	1.20	47.5	55.0		0.953	0.005	0.005	0.011	0.011
0.80	1.20	55.0	80.0		0.950	0.008	0.007	0.012	0.012
0.80	1.20	80.0	150.0		0.957	0.025	0.017	0.037	0.037
1.20	1.60	3.0	6.5		0.000	0.000	0.047	0.000	0.000
1.20	1.60	6.5	7.5		0.000	0.000	0.109	0.000	0.000
1.20	1.60	7.5	8.5		0.000	0.000	0.103	0.000	0.000
1.20	1.60	8.5	9.5		0.000	0.000	0.116	0.000	0.000
1.20	1.60	9.5	11.0		0.000	0.000	0.088	0.000	0.000
1.20	1.60	11.0	13.5		0.595	0.096	0.090	0.246	0.246
1.20	1.60	13.5	17.5		1.000	0.018	0.000	0.044	0.044
1.20	1.60	17.5	22.5		0.988	0.012	0.007	0.021	0.021
1.20	1.60	22.5	27.5		0.974	0.009	0.007	0.000	0.000
1.20	1.60	27.5	32.5		0.987	0.004	0.003	0.000	0.000
1.20	1.60	32.5	37.5		0.986	0.004	0.003	0.000	0.000
1.20	1.60	37.5	42.5		0.987	0.003	0.002	0.005	0.005
1.20	1.60	42.5	47.5		0.982	0.003	0.003	0.000	0.000
1.20	1.60	47.5	55.0		0.985	0.004	0.003	0.006	0.006
1.20	1.60	55.0	80.0		0.995	0.004	0.003	0.010	0.010
1.20	1.60	80.0	150.0		0.975	0.024	0.014	0.000	0.000
1.60	2.10	3.0	6.5		0.000	0.000	0.029	0.000	0.000
1.60	2.10	6.5	7.5		0.000	0.000	0.097	0.000	0.000
1.60	2.10	7.5	8.5		0.000	0.000	0.080	0.000	0.000
1.60	2.10	8.5	9.5		0.000	0.000	0.071	0.000	0.000
1.60	2.10	9.5	11.0		0.000	0.000	0.060	0.000	0.000
1.60	2.10	11.0	13.5		0.566	0.061	0.059	0.000	0.000
1.60	2.10	13.5	17.5		0.961	0.017	0.013	0.026	0.026
1.60	2.10	17.5	22.5		0.938	0.014	0.012	0.033	0.033
1.60	2.10	22.5	27.5		0.952	0.008	0.007	0.000	0.000
1.60	2.10	27.5	32.5		0.956	0.006	0.005	0.014	0.014
1.60	2.10	32.5	37.5		0.951	0.005	0.004	0.014	0.014
1.60	2.10	37.5	42.5		0.949	0.004	0.004	0.000	0.000
1.60	2.10	42.5	47.5		0.949	0.004	0.004	0.000	0.000
1.60	2.10	47.5	55.0		0.946	0.006	0.005	0.011	0.011
1.60	2.10	55.0	80.0		0.950	0.008	0.007	0.000	0.000
1.60	2.10	80.0	150.0		0.937	0.027	0.020	0.000	0.000
2.10	2.40	3.0	6.5		0.000	0.000	0.053	0.000	0.000
2.10	2.40	6.5	7.5		0.000	0.000	0.185	0.000	0.000
2.10	2.40	7.5	8.5		0.000	0.000	0.154	0.000	0.000
2.10	2.40	8.5	9.5		0.000	0.000	0.092	0.000	0.000
2.10	2.40	9.5	11.0		0.000	0.000	0.071	0.000	0.000
2.10	2.40	11.0	13.5		0.787	0.077	0.063	0.279	0.279
2.10	2.40	13.5	17.5		0.891	0.040	0.031	0.000	0.000
2.10	2.40	17.5	22.5		0.884	0.024	0.021	0.035	0.035
2.10	2.40	22.5	27.5		0.925	0.015	0.013	0.015	0.015
2.10	2.40	27.5	32.5		0.932	0.011	0.009	0.013	0.013
2.10	2.40	32.5	37.5		0.917	0.009	0.008	0.017	0.017
2.10	2.40	37.5	42.5		0.926	0.008	0.007	0.016	0.016
2.10	2.40	42.5	47.5		0.938	0.008	0.007	0.016	0.016
2.10	2.40	47.5	55.0		0.928	0.010	0.009	0.000	0.000
2.10	2.40	55.0	80.0		0.928	0.015	0.013	0.016	0.016
2.10	2.40	80.0	150.0		0.915	0.053	0.036	0.063	0.063
