-2.40	-2.10	0.0	10.0		0.000	0.000	0.020	0.000	0.000
-2.40	-2.10	10.0	15.0		0.000	0.000	0.021	0.000	0.000
-2.40	-2.10	15.0	16.0		0.000	0.000	0.074	0.000	0.000
-2.40	-2.10	16.0	17.0		0.062	0.040	0.077	0.000	0.000
-2.40	-2.10	17.0	18.0		0.967	0.073	0.028	0.000	0.000
-2.40	-2.10	18.0	19.0		0.900	0.072	0.047	0.103	0.103
-2.40	-2.10	19.0	20.0		0.956	0.056	0.029	0.159	0.159
-2.40	-2.10	20.0	22.0		0.914	0.037	0.027	0.038	0.038
-2.40	-2.10	22.0	25.0		0.874	0.028	0.024	0.074	0.074
-2.40	-2.10	25.0	30.0		0.939	0.012	0.010	0.031	0.031
-2.40	-2.10	30.0	35.0		0.943	0.009	0.008	0.014	0.014
-2.40	-2.10	35.0	40.0		0.934	0.008	0.007	0.012	0.012
-2.40	-2.10	40.0	45.0		0.943	0.007	0.006	0.014	0.014
-2.40	-2.10	45.0	50.0		0.928	0.009	0.008	0.010	0.010
-2.40	-2.10	50.0	60.0		0.949	0.011	0.009	0.013	0.013
-2.40	-2.10	60.0	100.0		0.933	0.022	0.017	0.000	0.000
-2.40	-2.10	100.0	200.0		0.941	0.123	0.049	0.000	0.000
-2.10	-1.60	0.0	10.0		0.000	0.000	0.012	0.000	0.000
-2.10	-1.60	10.0	15.0		0.000	0.000	0.013	0.000	0.000
-2.10	-1.60	15.0	16.0		0.000	0.000	0.034	0.000	0.000
-2.10	-1.60	16.0	17.0		0.054	0.029	0.049	0.000	0.000
-2.10	-1.60	17.0	18.0		0.947	0.040	0.025	0.047	0.047
-2.10	-1.60	18.0	19.0		0.976	0.031	0.015	0.041	0.041
-2.10	-1.60	19.0	20.0		0.989	0.025	0.009	0.031	0.031
-2.10	-1.60	20.0	22.0		0.979	0.016	0.010	0.000	0.000
-2.10	-1.60	22.0	25.0		0.989	0.008	0.005	0.008	0.008
-2.10	-1.60	25.0	30.0		0.968	0.006	0.005	0.000	0.000
-2.10	-1.60	30.0	35.0		0.971	0.004	0.004	0.005	0.005
-2.10	-1.60	35.0	40.0		0.967	0.004	0.003	0.007	0.007
-2.10	-1.60	40.0	45.0		0.972	0.003	0.003	0.003	0.003
-2.10	-1.60	45.0	50.0		0.972	0.004	0.003	0.005	0.005
-2.10	-1.60	50.0	60.0		0.970	0.005	0.005	0.000	0.000
-2.10	-1.60	60.0	100.0		0.967	0.010	0.008	0.019	0.019
-2.10	-1.60	100.0	200.0		0.950	0.046	0.027	0.000	0.000
-1.60	-1.20	0.0	10.0		0.000	0.000	0.027	0.000	0.000
-1.60	-1.20	10.0	15.0		0.000	0.000	0.024	0.000	0.000
-1.60	-1.20	15.0	16.0		0.000	0.000	0.071	0.000	0.000
-1.60	-1.20	16.0	17.0		0.000	0.000	0.056	0.000	0.000
-1.60	-1.20	17.0	18.0		0.946	0.067	0.035	0.000	0.000
-1.60	-1.20	18.0	19.0		1.000	0.046	0.000	0.000	0.000
-1.60	-1.20	19.0	20.0		0.980	0.044	0.016	0.000	0.000
-1.60	-1.20	20.0	22.0		0.945	0.031	0.022	0.000	0.000
-1.60	-1.20	22.0	25.0		0.983	0.011	0.007	0.040	0.040
-1.60	-1.20	25.0	30.0		0.965	0.008	0.007	0.018	0.018
-1.60	-1.20	30.0	35.0		0.973	0.005	0.004	0.008	0.008
-1.60	-1.20	35.0	40.0		0.978	0.004	0.003	0.000	0.000
-1.60	-1.20	40.0	45.0		0.980	0.003	0.003	0.003	0.003
-1.60	-1.20	45.0	50.0		0.981	0.004	0.003	0.000	0.000
-1.60	-1.20	50.0	60.0		0.976	0.005	0.005	0.009	0.009
-1.60	-1.20	60.0	100.0		0.974	0.010	0.007	0.012	0.012
-1.60	-1.20	100.0	200.0		0.984	0.036	0.013	0.000	0.000
-1.20	-0.80	0.0	10.0		0.000	0.000	0.033	0.000	0.000
-1.20	-0.80	10.0	15.0		0.000	0.000	0.018	0.000	0.000
-1.20	-0.80	15.0	16.0		0.000	0.000	0.062	0.000	0.000
-1.20	-0.80	16.0	17.0		0.000	0.000	0.068	0.000	0.000
-1.20	-0.80	17.0	18.0		0.898	0.063	0.043	0.000	0.000
-1.20	-0.80	18.0	19.0		0.936	0.058	0.035	0.064	0.064
-1.20	-0.80	19.0	20.0		0.984	0.037	0.014	0.051	0.051
-1.20	-0.80	20.0	22.0		0.921	0.029	0.022	0.000	0.000
-1.20	-0.80	22.0	25.0		0.910	0.019	0.016	0.052	0.052
-1.20	-0.80	25.0	30.0		0.928	0.009	0.008	0.017	0.017
-1.20	-0.80	30.0	35.0		0.943	0.006	0.005	0.017	0.017
-1.20	-0.80	35.0	40.0		0.933	0.005	0.004	0.006	0.006
-1.20	-0.80	40.0	45.0		0.940	0.004	0.004	0.000	0.000
-1.20	-0.80	45.0	50.0		0.935	0.005	0.005	0.009	0.009
-1.20	-0.80	50.0	60.0		0.925	0.007	0.007	0.000	0.000
-1.20	-0.80	60.0	100.0		0.955	0.010	0.009	0.010	0.010
-1.20	-0.80	100.0	200.0		0.919	0.041	0.030	0.056	0.056
-0.80	-0.30	0.0	10.0		0.000	0.000	0.050	0.000	0.000
-0.80	-0.30	10.0	15.0		0.000	0.000	0.011	0.000	0.000
-0.80	-0.30	15.0	16.0		0.000	0.000	0.040	0.000	0.000
-0.80	-0.30	16.0	17.0		0.042	0.023	0.039	0.000	0.000
-0.80	-0.30	17.0	18.0		0.939	0.039	0.026	0.000	0.000
-0.80	-0.30	18.0	19.0		0.971	0.028	0.016	0.000	0.000
-0.80	-0.30	19.0	20.0		0.984	0.021	0.010	0.000	0.000
-0.80	-0.30	20.0	22.0		0.971	0.013	0.009	0.000	0.000
-0.80	-0.30	22.0	25.0		0.969	0.009	0.007	0.010	0.010
-0.80	-0.30	25.0	30.0		0.967	0.005	0.004	0.014	0.014
-0.80	-0.30	30.0	35.0		0.970	0.003	0.003	0.000	0.000
-0.80	-0.30	35.0	40.0		0.971	0.002	0.002	0.006	0.006
-0.80	-0.30	40.0	45.0		0.972	0.002	0.002	0.003	0.003
-0.80	-0.30	45.0	50.0		0.972	0.003	0.003	0.007	0.007
-0.80	-0.30	50.0	60.0		0.971	0.004	0.003	0.005	0.005
-0.80	-0.30	60.0	100.0		0.970	0.006	0.005	0.012	0.012
-0.80	-0.30	100.0	200.0		0.953	0.031	0.020	0.000	0.000
-0.30	-0.20	0.0	10.0		0.000	0.000	0.602	0.000	0.000
-0.30	-0.20	10.0	15.0		0.000	0.000	0.097	0.000	0.000
-0.30	-0.20	15.0	16.0		0.000	0.000	0.154	0.000	0.000
-0.30	-0.20	16.0	17.0		0.000	0.000	0.168	0.000	0.000
-0.30	-0.20	17.0	18.0		1.000	0.092	0.000	0.227	0.227
-0.30	-0.20	18.0	19.0		0.778	0.141	0.103	0.000	0.000
-0.30	-0.20	19.0	20.0		0.909	0.108	0.058	0.109	0.109
-0.30	-0.20	20.0	22.0		0.914	0.054	0.037	0.000	0.000
-0.30	-0.20	22.0	25.0		0.885	0.036	0.029	0.085	0.085
-0.30	-0.20	25.0	30.0		0.907	0.018	0.015	0.025	0.025
-0.30	-0.20	30.0	35.0		0.891	0.014	0.013	0.031	0.031
-0.30	-0.20	35.0	40.0		0.880	0.011	0.011	0.000	0.000
-0.30	-0.20	40.0	45.0		0.874	0.010	0.009	0.015	0.015
-0.30	-0.20	45.0	50.0		0.883	0.013	0.012	0.016	0.016
-0.30	-0.20	50.0	60.0		0.876	0.017	0.015	0.000	0.000
-0.30	-0.20	60.0	100.0		0.877	0.031	0.026	0.000	0.000
-0.30	-0.20	100.0	200.0		0.818	0.121	0.085	0.000	0.000
-0.20	0.20	0.0	10.0		0.000	0.000	0.084	0.000	0.000
-0.20	0.20	10.0	15.0		0.000	0.000	0.016	0.000	0.000
-0.20	0.20	15.0	16.0		0.000	0.000	0.038	0.000	0.000
-0.20	0.20	16.0	17.0		0.024	0.020	0.053	0.000	0.000
-0.20	0.20	17.0	18.0		0.983	0.037	0.014	0.000	0.000
-0.20	0.20	18.0	19.0		0.974	0.033	0.017	0.035	0.035
-0.20	0.20	19.0	20.0		0.932	0.035	0.025	0.000	0.000
-0.20	0.20	20.0	22.0		0.961	0.016	0.012	0.019	0.019
-0.20	0.20	22.0	25.0		0.959	0.010	0.008	0.011	0.011
-0.20	0.20	25.0	30.0		0.963	0.005	0.005	0.000	0.000
-0.20	0.20	30.0	35.0		0.963	0.004	0.003	0.000	0.000
-0.20	0.20	35.0	40.0		0.959	0.003	0.003	0.005	0.005
-0.20	0.20	40.0	45.0		0.958	0.003	0.003	0.009	0.009
-0.20	0.20	45.0	50.0		0.967	0.003	0.003	0.005	0.005
-0.20	0.20	50.0	60.0		0.961	0.005	0.004	0.000	0.000
-0.20	0.20	60.0	100.0		0.958	0.008	0.007	0.000	0.000
-0.20	0.20	100.0	200.0		0.978	0.028	0.014	0.030	0.030
0.20	0.30	0.0	10.0		0.000	0.000	0.459	0.000	0.000
0.20	0.30	10.0	15.0		0.000	0.000	0.066	0.000	0.000
0.20	0.30	15.0	16.0		0.000	0.000	0.185	0.000	0.000
0.20	0.30	16.0	17.0		0.000	0.000	0.116	0.000	0.000
0.20	0.30	17.0	18.0		0.938	0.129	0.052	0.000	0.000
0.20	0.30	18.0	19.0		0.833	0.136	0.089	0.000	0.000
0.20	0.30	19.0	20.0		0.944	0.116	0.046	0.126	0.126
0.20	0.30	20.0	22.0		0.865	0.065	0.048	0.069	0.069
0.20	0.30	22.0	25.0		0.907	0.033	0.026	0.054	0.054
0.20	0.30	25.0	30.0		0.883	0.020	0.017	0.000	0.000
0.20	0.30	30.0	35.0		0.887	0.014	0.013	0.000	0.000
0.20	0.30	35.0	40.0		0.910	0.011	0.010	0.020	0.020
0.20	0.30	40.0	45.0		0.882	0.010	0.009	0.000	0.000
0.20	0.30	45.0	50.0		0.907	0.012	0.011	0.000	0.000
0.20	0.30	50.0	60.0		0.889	0.017	0.015	0.038	0.038
0.20	0.30	60.0	100.0		0.868	0.031	0.026	0.052	0.052
0.20	0.30	100.0	200.0		0.909	0.108	0.058	0.123	0.123
0.30	0.80	0.0	10.0		0.000	0.000	0.064	0.000	0.000
0.30	0.80	10.0	15.0		0.000	0.000	0.012	0.000	0.000
0.30	0.80	15.0	16.0		0.000	0.000	0.043	0.000	0.000
0.30	0.80	16.0	17.0		0.014	0.011	0.031	0.000	0.000
0.30	0.80	17.0	18.0		0.953	0.036	0.022	0.000	0.000
0.30	0.80	18.0	19.0		0.942	0.037	0.025	0.043	0.043
0.30	0.80	19.0	20.0		0.991	0.020	0.007	0.035	0.035
0.30	0.80	20.0	22.0		0.992	0.010	0.005	0.000	0.000
0.30	0.80	22.0	25.0		0.979	0.008	0.006	0.008	0.008
0.30	0.80	25.0	30.0		0.975	0.004	0.004	0.000	0.000
0.30	0.80	30.0	35.0		0.975	0.003	0.003	0.004	0.004
0.30	0.80	35.0	40.0		0.970	0.002	0.002	0.000	0.000
0.30	0.80	40.0	45.0		0.971	0.002	0.002	0.011	0.011
0.30	0.80	45.0	50.0		0.975	0.003	0.002	0.003	0.003
0.30	0.80	50.0	60.0		0.971	0.004	0.003	0.004	0.004
0.30	0.80	60.0	100.0		0.974	0.006	0.005	0.000	0.000
0.30	0.80	100.0	200.0		0.961	0.026	0.017	0.000	0.000
0.80	1.20	0.0	10.0		0.000	0.000	0.032	0.000	0.000
0.80	1.20	10.0	15.0		0.000	0.000	0.019	0.000	0.000
0.80	1.20	15.0	16.0		0.000	0.000	0.062	0.000	0.000
0.80	1.20	16.0	17.0		0.024	0.020	0.054	0.000	0.000
0.80	1.20	17.0	18.0		0.940	0.055	0.032	0.000	0.000
0.80	1.20	18.0	19.0		0.974	0.058	0.022	0.085	0.085
0.80	1.20	19.0	20.0		0.963	0.047	0.024	0.048	0.048
0.80	1.20	20.0	22.0		0.978	0.021	0.012	0.000	0.000
0.80	1.20	22.0	25.0		0.959	0.015	0.011	0.042	0.042
0.80	1.20	25.0	30.0		0.963	0.007	0.006	0.025	0.025
0.80	1.20	30.0	35.0		0.954	0.005	0.005	0.000	0.000
0.80	1.20	35.0	40.0		0.958	0.004	0.004	0.010	0.010
0.80	1.20	40.0	45.0		0.949	0.004	0.004	0.004	0.004
0.80	1.20	45.0	50.0		0.949	0.005	0.004	0.000	0.000
0.80	1.20	50.0	60.0		0.949	0.006	0.006	0.013	0.013
0.80	1.20	60.0	100.0		0.950	0.011	0.009	0.000	0.000
0.80	1.20	100.0	200.0		0.985	0.033	0.012	0.043	0.043
1.20	1.60	0.0	10.0		0.000	0.000	0.019	0.000	0.000
1.20	1.60	10.0	15.0		0.012	0.010	0.027	0.000	0.000
1.20	1.60	15.0	16.0		0.000	0.000	0.068	0.000	0.000
1.20	1.60	16.0	17.0		0.091	0.058	0.108	0.000	0.000
1.20	1.60	17.0	18.0		0.975	0.055	0.021	0.000	0.000
1.20	1.60	18.0	19.0		0.939	0.074	0.039	0.000	0.000
1.20	1.60	19.0	20.0		0.977	0.050	0.019	0.000	0.000
1.20	1.60	20.0	22.0		1.000	0.016	0.000	0.037	0.037
1.20	1.60	22.0	25.0		0.981	0.012	0.008	0.000	0.000
1.20	1.60	25.0	30.0		0.978	0.006	0.005	0.000	0.000
1.20	1.60	30.0	35.0		0.986	0.004	0.003	0.000	0.000
1.20	1.60	35.0	40.0		0.987	0.003	0.002	0.008	0.008
1.20	1.60	40.0	45.0		0.983	0.003	0.002	0.004	0.004
1.20	1.60	45.0	50.0		0.984	0.003	0.003	0.009	0.009
1.20	1.60	50.0	60.0		0.987	0.004	0.003	0.000	0.000
1.20	1.60	60.0	100.0		0.996	0.006	0.003	0.008	0.008
1.20	1.60	100.0	200.0		0.982	0.041	0.015	0.000	0.000
1.60	2.10	0.0	10.0		0.000	0.000	0.011	0.000	0.000
1.60	2.10	10.0	15.0		0.000	0.000	0.010	0.000	0.000
1.60	2.10	15.0	16.0		0.000	0.000	0.030	0.000	0.000
1.60	2.10	16.0	17.0		0.051	0.028	0.047	0.000	0.000
1.60	2.10	17.0	18.0		0.904	0.044	0.033	0.000	0.000
1.60	2.10	18.0	19.0		0.957	0.040	0.023	0.000	0.000
1.60	2.10	19.0	20.0		0.919	0.041	0.030	0.045	0.045
1.60	2.10	20.0	22.0		0.929	0.026	0.020	0.045	0.045
1.60	2.10	22.0	25.0		0.950	0.012	0.010	0.000	0.000
1.60	2.10	25.0	30.0		0.958	0.007	0.006	0.011	0.011
1.60	2.10	30.0	35.0		0.951	0.005	0.005	0.000	0.000
1.60	2.10	35.0	40.0		0.949	0.004	0.004	0.005	0.005
1.60	2.10	40.0	45.0		0.948	0.004	0.004	0.000	0.000
1.60	2.10	45.0	50.0		0.951	0.005	0.004	0.007	0.007
1.60	2.10	50.0	60.0		0.946	0.007	0.006	0.011	0.011
1.60	2.10	60.0	100.0		0.953	0.011	0.009	0.026	0.026
1.60	2.10	100.0	200.0		0.907	0.058	0.039	0.000	0.000
2.10	2.40	0.0	10.0		0.000	0.000	0.016	0.000	0.000
2.10	2.40	10.0	15.0		0.000	0.000	0.017	0.000	0.000
2.10	2.40	15.0	16.0		0.000	0.000	0.109	0.000	0.000
2.10	2.40	16.0	17.0		0.036	0.030	0.077	0.000	0.000
2.10	2.40	17.0	18.0		0.912	0.078	0.048	0.000	0.000
2.10	2.40	18.0	19.0		0.880	0.065	0.047	0.000	0.000
2.10	2.40	19.0	20.0		0.911	0.065	0.042	0.067	0.067
2.10	2.40	20.0	22.0		0.853	0.042	0.035	0.045	0.045
2.10	2.40	22.0	25.0		0.916	0.023	0.019	0.051	0.051
2.10	2.40	25.0	30.0		0.928	0.013	0.011	0.029	0.029
2.10	2.40	30.0	35.0		0.915	0.010	0.009	0.013	0.013
2.10	2.40	35.0	40.0		0.926	0.008	0.007	0.016	0.016
2.10	2.40	40.0	45.0		0.938	0.007	0.006	0.015	0.015
2.10	2.40	45.0	50.0		0.919	0.010	0.009	0.024	0.024
2.10	2.40	50.0	60.0		0.944	0.011	0.009	0.028	0.028
2.10	2.40	60.0	100.0		0.914	0.022	0.018	0.034	0.034
2.10	2.40	100.0	200.0		0.967	0.073	0.028	0.000	0.000
