-2.40	-2.10	9.5	11.0		0.000	0.000	0.074	0.000	0.000
-2.40	-2.10	11.0	13.5		0.000	0.000	0.040	0.000	0.000
-2.40	-2.10	13.5	17.5		0.000	0.000	0.018	0.000	0.000
-2.40	-2.10	17.5	22.5		0.000	0.000	0.008	0.000	0.000
-2.40	-2.10	22.5	27.5		0.856	0.019	0.018	0.000	0.000
-2.40	-2.10	27.5	32.5		0.947	0.009	0.008	0.034	0.034
-2.40	-2.10	32.5	37.5		0.931	0.009	0.008	0.011	0.011
-2.40	-2.10	37.5	42.5		0.948	0.007	0.006	0.018	0.018
-2.40	-2.10	42.5	47.5		0.930	0.008	0.007	0.000	0.000
-2.40	-2.10	47.5	55.0		0.942	0.010	0.008	0.000	0.000
-2.40	-2.10	55.0	80.0		0.936	0.016	0.013	0.024	0.024
-2.40	-2.10	80.0	150.0		0.938	0.057	0.034	0.000	0.000
-2.10	-1.60	9.5	11.0		0.000	0.000	0.040	0.000	0.000
-2.10	-1.60	11.0	13.5		0.000	0.000	0.030	0.000	0.000
-2.10	-1.60	13.5	17.5		0.000	0.000	0.009	0.000	0.000
-2.10	-1.60	17.5	22.5		0.000	0.000	0.004	0.000	0.000
-2.10	-1.60	22.5	27.5		0.884	0.012	0.011	0.016	0.016
-2.10	-1.60	27.5	32.5		0.972	0.005	0.004	0.005	0.005
-2.10	-1.60	32.5	37.5		0.969	0.004	0.004	0.000	0.000
-2.10	-1.60	37.5	42.5		0.971	0.003	0.003	0.004	0.004
-2.10	-1.60	42.5	47.5		0.972	0.003	0.003	0.000	0.000
-2.10	-1.60	47.5	55.0		0.969	0.004	0.004	0.007	0.007
-2.10	-1.60	55.0	80.0		0.972	0.007	0.006	0.000	0.000
-2.10	-1.60	80.0	150.0		0.955	0.029	0.019	0.000	0.000
-1.60	-1.20	9.5	11.0		0.000	0.000	0.080	0.000	0.000
-1.60	-1.20	11.0	13.5		0.000	0.000	0.044	0.000	0.000
-1.60	-1.20	13.5	17.5		0.000	0.000	0.018	0.000	0.000
-1.60	-1.20	17.5	22.5		0.000	0.000	0.007	0.000	0.000
-1.60	-1.20	22.5	27.5		0.897	0.015	0.013	0.000	0.000
-1.60	-1.20	27.5	32.5		0.967	0.006	0.005	0.013	0.013
-1.60	-1.20	32.5	37.5		0.977	0.004	0.004	0.008	0.008
-1.60	-1.20	37.5	42.5		0.978	0.003	0.003	0.005	0.005
-1.60	-1.20	42.5	47.5		0.981	0.003	0.003	0.000	0.000
-1.60	-1.20	47.5	55.0		0.978	0.004	0.004	0.000	0.000
-1.60	-1.20	55.0	80.0		0.978	0.007	0.005	0.009	0.009
-1.60	-1.20	80.0	150.0		0.976	0.022	0.013	0.000	0.000
-1.20	-0.80	9.5	11.0		0.000	0.000	0.080	0.000	0.000
-1.20	-0.80	11.0	13.5		0.000	0.000	0.035	0.000	0.000
-1.20	-0.80	13.5	17.5		0.000	0.000	0.016	0.000	0.000
-1.20	-0.80	17.5	22.5		0.000	0.000	0.006	0.000	0.000
-1.20	-0.80	22.5	27.5		0.862	0.015	0.014	0.000	0.000
-1.20	-0.80	27.5	32.5		0.932	0.007	0.007	0.011	0.011
-1.20	-0.80	32.5	37.5		0.940	0.005	0.005	0.000	0.000
-1.20	-0.80	37.5	42.5		0.937	0.004	0.004	0.000	0.000
-1.20	-0.80	42.5	47.5		0.934	0.004	0.004	0.009	0.009
-1.20	-0.80	47.5	55.0		0.937	0.006	0.005	0.000	0.000
-1.20	-0.80	55.0	80.0		0.930	0.009	0.008	0.000	0.000
-1.20	-0.80	80.0	150.0		0.945	0.024	0.018	0.000	0.000
-0.80	-0.30	9.5	11.0		0.000	0.000	0.054	0.000	0.000
-0.80	-0.30	11.0	13.5		0.000	0.000	0.028	0.000	0.000
-0.80	-0.30	13.5	17.5		0.000	0.000	0.008	0.000	0.000
-0.80	-0.30	17.5	22.5		0.000	0.000	0.003	0.000	0.000
-0.80	-0.30	22.5	27.5		0.898	0.009	0.009	0.018	0.018
-0.80	-0.30	27.5	32.5		0.968	0.004	0.003	0.007	0.007
-0.80	-0.30	32.5	37.5		0.971	0.003	0.002	0.000	0.000
-0.80	-0.30	37.5	42.5		0.971	0.002	0.002	0.005	0.005
-0.80	-0.30	42.5	47.5		0.970	0.002	0.002	0.000	0.000
-0.80	-0.30	47.5	55.0		0.971	0.003	0.003	0.005	0.005
-0.80	-0.30	55.0	80.0		0.974	0.004	0.004	0.014	0.014
-0.80	-0.30	80.0	150.0		0.969	0.016	0.012	0.029	0.029
-0.30	-0.20	9.5	11.0		0.000	0.000	0.459	0.000	0.000
-0.30	-0.20	11.0	13.5		0.000	0.000	0.264	0.000	0.000
-0.30	-0.20	13.5	17.5		0.000	0.000	0.047	0.000	0.000
-0.30	-0.20	17.5	22.5		0.000	0.000	0.015	0.000	0.000
-0.30	-0.20	22.5	27.5		0.782	0.029	0.026	0.042	0.042
-0.30	-0.20	27.5	32.5		0.896	0.016	0.014	0.031	0.031
-0.30	-0.20	32.5	37.5		0.894	0.012	0.011	0.013	0.013
-0.30	-0.20	37.5	42.5		0.881	0.010	0.010	0.000	0.000
-0.30	-0.20	42.5	47.5		0.873	0.011	0.010	0.000	0.000
-0.30	-0.20	47.5	55.0		0.886	0.014	0.013	0.017	0.017
-0.30	-0.20	55.0	80.0		0.870	0.023	0.020	0.028	0.028
-0.30	-0.20	80.0	150.0		0.838	0.084	0.062	0.000	0.000
-0.20	0.20	9.5	11.0		0.000	0.000	0.092	0.000	0.000
-0.20	0.20	11.0	13.5		0.000	0.000	0.039	0.000	0.000
-0.20	0.20	13.5	17.5		0.000	0.000	0.011	0.000	0.000
-0.20	0.20	17.5	22.5		0.000	0.000	0.003	0.000	0.000
-0.20	0.20	22.5	27.5		0.891	0.010	0.009	0.016	0.016
-0.20	0.20	27.5	32.5		0.966	0.004	0.004	0.000	0.000
-0.20	0.20	32.5	37.5		0.959	0.004	0.003	0.000	0.000
-0.20	0.20	37.5	42.5		0.957	0.003	0.003	0.005	0.005
-0.20	0.20	42.5	47.5		0.963	0.003	0.003	0.000	0.000
-0.20	0.20	47.5	55.0		0.962	0.004	0.004	0.004	0.004
-0.20	0.20	55.0	80.0		0.962	0.006	0.005	0.000	0.000
-0.20	0.20	80.0	150.0		0.954	0.018	0.013	0.020	0.020
0.20	0.30	9.5	11.0		0.000	0.000	0.459	0.000	0.000
0.20	0.30	11.0	13.5		0.000	0.000	0.168	0.000	0.000
0.20	0.30	13.5	17.5		0.000	0.000	0.039	0.000	0.000
0.20	0.30	17.5	22.5		0.000	0.000	0.017	0.000	0.000
0.20	0.30	22.5	27.5		0.798	0.029	0.026	0.058	0.058
0.20	0.30	27.5	32.5		0.885	0.016	0.014	0.000	0.000
0.20	0.30	32.5	37.5		0.901	0.012	0.011	0.000	0.000
0.20	0.30	37.5	42.5		0.894	0.010	0.010	0.011	0.011
0.20	0.30	42.5	47.5		0.887	0.010	0.010	0.011	0.011
0.20	0.30	47.5	55.0		0.917	0.013	0.011	0.000	0.000
0.20	0.30	55.0	80.0		0.875	0.022	0.020	0.031	0.031
0.20	0.30	80.0	150.0		0.868	0.079	0.056	0.000	0.000
0.30	0.80	9.5	11.0		0.000	0.000	0.071	0.000	0.000
0.30	0.80	11.0	13.5		0.000	0.000	0.027	0.000	0.000
0.30	0.80	13.5	17.5		0.000	0.000	0.008	0.000	0.000
0.30	0.80	17.5	22.5		0.000	0.000	0.003	0.000	0.000
0.30	0.80	22.5	27.5		0.905	0.009	0.008	0.000	0.000
0.30	0.80	27.5	32.5		0.977	0.003	0.003	0.011	0.011
0.30	0.80	32.5	37.5		0.971	0.003	0.003	0.003	0.003
0.30	0.80	37.5	42.5		0.970	0.002	0.002	0.006	0.006
0.30	0.80	42.5	47.5		0.974	0.002	0.002	0.003	0.003
0.30	0.80	47.5	55.0		0.970	0.003	0.003	0.000	0.000
0.30	0.80	55.0	80.0		0.977	0.004	0.004	0.000	0.000
0.30	0.80	80.0	150.0		0.968	0.014	0.011	0.000	0.000
0.80	1.20	9.5	11.0		0.000	0.000	0.092	0.000	0.000
0.80	1.20	11.0	13.5		0.000	0.000	0.029	0.000	0.000
0.80	1.20	13.5	17.5		0.000	0.000	0.015	0.000	0.000
0.80	1.20	17.5	22.5		0.000	0.000	0.006	0.000	0.000
0.80	1.20	22.5	27.5		0.895	0.014	0.012	0.023	0.023
0.80	1.20	27.5	32.5		0.954	0.006	0.006	0.009	0.009
0.80	1.20	32.5	37.5		0.956	0.004	0.004	0.005	0.005
0.80	1.20	37.5	42.5		0.954	0.004	0.003	0.004	0.004
0.80	1.20	42.5	47.5		0.948	0.004	0.004	0.000	0.000
0.80	1.20	47.5	55.0		0.953	0.005	0.005	0.011	0.011
0.80	1.20	55.0	80.0		0.950	0.008	0.007	0.012	0.012
0.80	1.20	80.0	150.0		0.957	0.025	0.017	0.037	0.037
1.20	1.60	9.5	11.0		0.000	0.000	0.088	0.000	0.000
1.20	1.60	11.0	13.5		0.000	0.000	0.049	0.000	0.000
1.20	1.60	13.5	17.5		0.000	0.000	0.018	0.000	0.000
1.20	1.60	17.5	22.5		0.000	0.000	0.008	0.000	0.000
1.20	1.60	22.5	27.5		0.911	0.014	0.012	0.000	0.000
1.20	1.60	27.5	32.5		0.987	0.004	0.003	0.000	0.000
1.20	1.60	32.5	37.5		0.986	0.004	0.003	0.000	0.000
1.20	1.60	37.5	42.5		0.987	0.003	0.002	0.005	0.005
1.20	1.60	42.5	47.5		0.982	0.003	0.003	0.000	0.000
1.20	1.60	47.5	55.0		0.985	0.004	0.003	0.006	0.006
1.20	1.60	55.0	80.0		0.995	0.004	0.003	0.010	0.010
1.20	1.60	80.0	150.0		0.975	0.024	0.014	0.000	0.000
1.60	2.10	9.5	11.0		0.000	0.000	0.060	0.000	0.000
1.60	2.10	11.0	13.5		0.000	0.000	0.022	0.000	0.000
1.60	2.10	13.5	17.5		0.000	0.000	0.008	0.000	0.000
1.60	2.10	17.5	22.5		0.000	0.000	0.004	0.000	0.000
1.60	2.10	22.5	27.5		0.875	0.012	0.011	0.016	0.016
1.60	2.10	27.5	32.5		0.956	0.006	0.005	0.014	0.014
1.60	2.10	32.5	37.5		0.951	0.005	0.004	0.014	0.014
1.60	2.10	37.5	42.5		0.949	0.004	0.004	0.000	0.000
1.60	2.10	42.5	47.5		0.949	0.004	0.004	0.000	0.000
1.60	2.10	47.5	55.0		0.946	0.006	0.005	0.011	0.011
1.60	2.10	55.0	80.0		0.950	0.008	0.007	0.000	0.000
1.60	2.10	80.0	150.0		0.937	0.027	0.020	0.000	0.000
2.10	2.40	9.5	11.0		0.000	0.000	0.071	0.000	0.000
2.10	2.40	11.0	13.5		0.000	0.000	0.038	0.000	0.000
2.10	2.40	13.5	17.5		0.000	0.000	0.018	0.000	0.000
2.10	2.40	17.5	22.5		0.000	0.000	0.007	0.000	0.000
2.10	2.40	22.5	27.5		0.867	0.018	0.016	0.038	0.038
2.10	2.40	27.5	32.5		0.932	0.011	0.009	0.013	0.013
2.10	2.40	32.5	37.5		0.917	0.009	0.008	0.017	0.017
2.10	2.40	37.5	42.5		0.926	0.008	0.007	0.016	0.016
2.10	2.40	42.5	47.5		0.938	0.008	0.007	0.016	0.016
2.10	2.40	47.5	55.0		0.928	0.010	0.009	0.000	0.000
2.10	2.40	55.0	80.0		0.928	0.015	0.013	0.016	0.016
2.10	2.40	80.0	150.0		0.915	0.053	0.036	0.063	0.063
